number_theta_steps,Appellian Root %,Appellian Value %
3.141592653589793116e-01,1.000000000000000000e+02,1.000000000000000000e+02
2.929859823281577569e-01,1.318344081497366815e+01,2.076738488906587854e+00
2.732397077091078263e-01,2.050263539341365870e+01,2.142275203909388193e+00
2.548242659109066777e-01,2.618510909657980790e+01,1.369870667366106076e+00
2.376499632555711949e-01,2.310069004732521591e+01,3.009291928791802739e+00
2.216331511188198156e-01,2.948943417993659999e+00,4.341373759581333425e-01
2.066958185136858195e-01,1.093189365407906521e+01,7.822951656856319547e-02
1.927652121326300372e-01,2.895566023553224255e+01,2.586268275921480786e+00
1.797734819975446152e-01,3.057407066193497158e+01,1.087514559516472357e+00
1.676573509917604066e-01,1.881376308794807528e+01,1.410547567126356538e+00
1.563578066644904785e-01,1.531950423429795727e+01,8.220077869081003907e-01
1.458198138066231775e-01,1.224602255094642267e-01,2.547603270089167649e-01
1.359920463979447380e-01,3.063461144864074015e+01,2.331457850326029146e-01
1.268266376202213941e-01,2.255265681365639807e+01,1.369984628211010858e+00
1.182789467185637600e-01,1.089682725269282493e+01,1.144129860709909297e+00
1.103073415755546072e-01,1.138733329551568829e+01,2.988745180435871118e-01
1.028729959391527782e-01,1.578625621581950789e+01,1.951748290807498176e-01
9.593970031675778942e-02,3.613678268734204835e+01,6.242203156862766722e-01
8.947368561438141799e-02,6.385456811445214598e+00,4.342104445661260637e-01
8.344345866194911865e-02,6.514415543810395448e+00,7.819892246822347792e-02
7.781964882364535152e-02,2.538636548846209351e+01,7.210963855676075784e-01
7.257486494620848938e-02,8.179394117659482433e+00,1.684992036242118629e-01
6.768356194843166973e-02,2.850755796436574130e+01,3.079477421094989342e-01
6.312191640208512922e-02,1.479063425087479544e+01,2.799477202682494337e-01
5.886771049826741015e-02,1.176539440108613732e+01,2.114804097469814292e-01
5.490022383403665024e-02,7.774380453455187023e+01,6.384849436273056789e-01
5.120013249226049862e-02,4.449549184745040975e+01,6.229514203910129222e-01
4.774941492314641045e-02,5.411023136315606052e+00,8.428109381121848265e-02
4.453126416904191337e-02,1.113250670094164896e+01,3.810488088210353674e-01
4.153000600498929495e-02,2.637621978401754674e+01,1.254516598204695743e-01
3.873102259633323663e-02,5.616498986736879573e+01,5.411674456694594293e-02
3.612068130154999501e-02,1.607037337184083015e+01,1.685243468279714885e-01
3.368626827352767111e-02,2.535446375653081930e+01,2.280370703641530772e-01
3.141592653589793394e-02,3.546888876469320451e+01,2.562832277682030035e-01
2.929859823281577222e-02,1.447060164512413678e+02,2.114941207271218426e-01
2.732397077091078263e-02,7.287115492747368251e+01,2.330973686044300885e-01
2.548242659109067193e-02,9.497704882447078489e+01,1.534481642743069363e-01
2.376499632555711949e-02,3.840323331188496780e+01,3.209436396676064174e-01
2.216331511188199613e-02,3.928241699079702443e+01,2.773580487001835529e-02
2.066958185136859305e-02,2.630394998351990310e+01,1.807255942273832683e-01
1.927652121326301274e-02,1.442025284263727869e+01,9.427903164027747612e-03
1.797734819975447401e-02,3.204356863982336279e+01,1.260977661647408321e-01
1.676573509917604968e-02,4.525659633757565814e+01,7.820535542460449463e-02
1.563578066644905756e-02,1.813608645611436145e+02,2.493995147652594210e-02
1.458198138066231671e-02,7.478317018689739371e+01,1.192666459420926341e-02
1.359920463979447276e-02,1.805405906086328685e+02,3.184366365708481139e-02
1.268266376202214010e-02,4.219909090871827573e+01,7.821130702921823274e-02
1.182789467185637461e-02,6.456065419599569566e+01,4.289965406654041441e-02
1.103073415755546037e-02,8.106573902860777707e+02,1.099762409247510009e-01
1.028729959391527782e-02,1.098389761796964308e+02,3.148561658377586198e-02
9.593970031675776861e-03,1.288908072654299701e+02,2.370487466583922134e-02
8.947368561438141452e-03,2.110593626690860560e+02,4.769490810209327941e-02
8.344345866194912212e-03,5.788313333201109572e+02,3.566162570929141268e-02
7.781964882364528387e-03,7.477066358525659950e+01,5.166839854427024425e-02
7.257486494620841305e-03,1.721694667419646052e+01,7.861091643861375933e-02
6.768356194843164718e-03,1.630756330362610811e+02,6.281969246282204100e-02
6.312191640208510320e-03,5.224350322447542112e+02,6.447298078827035789e-03
5.886771049826738933e-03,1.110036858001709703e+02,8.835225776278871415e-03
5.490022383403661901e-03,5.273680022787857524e+02,9.539666425610725947e-03
5.120013249226047433e-03,1.699037165841611454e+02,2.659303007657634263e-02
4.774941492314641739e-03,1.804247649650980918e+02,2.493754255849237739e-02
4.453126416904191684e-03,2.788664663419889322e+01,7.348889578743427256e-03
4.153000600498929669e-03,5.603319172888777899e+01,2.046781860437582416e-03
3.873102259633324183e-03,1.580631655366880928e+01,2.098385651753652617e-02
3.612068130155000022e-03,1.219390295591757223e+02,1.249576536572129942e-02
3.368626827352767025e-03,4.120798801899245944e+01,1.755031812380586018e-02
3.141592653589793307e-03,1.026812012728505863e+01,1.108889212193660094e-02
2.929859823281576962e-03,1.413247477423768999e+02,2.170414451997738567e-02
2.732397077091078003e-03,3.095216449116685098e+01,5.754562925640573047e-04
2.548242659109067280e-03,2.275267027067207550e+02,8.694708338221309243e-03
2.376499632555712036e-03,1.905713902196663057e+01,7.985559728217227551e-03
2.216331511188199179e-03,1.691445450447633050e+02,2.626096031796000367e-03
2.066958185136859218e-03,7.142118436259426062e+02,4.029343207010542723e-03
1.927652121326299236e-03,1.070660967860052750e+02,9.431747230044340222e-03
1.797734819975445450e-03,3.121752463254625809e+02,1.691008575159171079e-02
1.676573509917603146e-03,2.027224084087264657e+02,1.137121309585871834e-02
1.563578066644904152e-03,7.869524695581780804e+01,2.134444714860401354e-02
1.458198138066231584e-03,1.032171305302404392e+02,1.463512469517289256e-02
1.359920463979447233e-03,2.238577898218268203e+01,8.652884360609501904e-03
1.268266376202214010e-03,1.673205231630138883e+02,2.531310427801160539e-03
1.182789467185637678e-03,2.144001334699360086e+02,2.203154500429183038e-04
1.103073415755546080e-03,6.072884722827034665e+01,2.045392769480040493e-03
1.028729959391527738e-03,4.040853522856592690e+02,5.995165614663355153e-03
9.593970031675777077e-04,4.668086680069412608e+01,6.234500401749039009e-03
8.947368561438141885e-04,1.674357321655451258e+01,3.963969658051118283e-03
8.344345866194912646e-04,5.601342995460484531e+01,7.169335291968950523e-03
7.781964882364535326e-04,1.203003037873584162e+03,2.131871526714302842e-03
7.257486494620849328e-04,4.409740698064452147e+01,5.944557096590633548e-03
6.768356194843164718e-04,6.492502114319765383e+01,7.431559168559917668e-03
6.312191640208509669e-04,8.527777060171719370e+01,1.443519962842522170e-03
5.886771049826737198e-04,1.100231215589226679e+02,3.259822926816343617e-03
5.490022383403661468e-04,7.238781316978135010e+02,6.044037666210449154e-03
5.120013249226047650e-04,4.794496634909828714e+01,8.019148375007859866e-04
4.774941492314641197e-04,1.477882408552040943e+02,1.039267595714392931e-03
4.453126416904191250e-04,3.420918809969985546e+02,2.531809236578057699e-04
4.153000600498929669e-04,1.630699457897194975e+02,4.566865482274720840e-03
3.873102259633324400e-04,4.572066160550761538e+01,4.127367587291437545e-03
3.612068130154999588e-04,1.306993441555795528e+02,2.249083152507872028e-03
3.368626827352766808e-04,1.444264544516878232e+03,4.748820763253267397e-04
3.141592653589793090e-04,7.714057658628044578e+01,3.595232694717945352e-04
