x, y
9.999974456668487832e-01,-9.512769312481075605e-07
9.999770111934981331e-01,-8.561367013074216580e-06
9.999361432700178964e-01,-2.378087857874394611e-05
9.998748439427436185e-01,-4.660847459733350427e-05
9.997931162809099437e-01,-7.704214993478354081e-05
9.996909643763287612e-01,-1.150792318493564187e-04
9.995683933429602153e-01,-1.607163806496893785e-04
9.994254093163765784e-01,-2.139495905182349858e-04
9.992620194531194322e-01,-2.747741904975830761e-04
9.990782319299497116e-01,-3.431848456381094629e-04
9.988740559429928334e-01,-4.191755583092935289e-04
9.986495017067763547e-01,-5.027396696685030360e-04
9.984045804531627155e-01,-5.938698612935025718e-04
9.981393044301769546e-01,-6.925581569685164375e-04
9.978536869007290644e-01,-7.987959246307551383e-04
9.975477421412317636e-01,-9.125738784704993251e-04
9.972214854401157957e-01,-1.033882081185236992e-03
9.968749330962403121e-01,-1.162709946386153740e-03
9.965081024172012247e-01,-1.299046241154898883e-03
9.961210117175371970e-01,-1.442879088747683457e-03
9.957136803168346040e-01,-1.594195971447211592e-03
9.952861285377303524e-01,-1.752983733557019874e-03
9.948383777038163345e-01,-1.919228584538344631e-03
9.943704501374428517e-01,-2.092916102286691057e-03
9.938823691574244501e-01,-2.274031236544475990e-03
9.933741590766472784e-01,-2.462558312448548045e-03
9.928458451995797462e-01,-2.658481034208882553e-03
9.922974538196868144e-01,-2.861782488916097059e-03
9.917290122167495836e-01,-3.072445150474981471e-03
9.911405486540891818e-01,-3.290450883661514073e-03
9.905320923756997242e-01,-3.515780948297139198e-03
9.899036736032856831e-01,-3.748416003543582169e-03
9.892553235332101069e-01,-3.988336112307809198e-03
9.885870743333526889e-01,-4.235520745757373820e-03
9.878989591398762427e-01,-4.489948787944035222e-03
9.871910120539073574e-01,-4.751598540528647122e-03
9.864632681381284574e-01,-5.020447727605893869e-03
9.857157634132842627e-01,-5.296473500625099862e-03
9.849485348546037633e-01,-5.579652443402230780e-03
9.841616203881380365e-01,-5.869960577221674559e-03
9.833550588870150211e-01,-6.167373366019488455e-03
9.825288901676142439e-01,-6.471865721650378600e-03
9.816831549856607220e-01,-6.783412009227733977e-03
9.808178950322397061e-01,-7.101986052538369724e-03
9.799331529297343746e-01,-7.427561139523241977e-03
9.790289722276872553e-01,-7.760110027824475981e-03
9.781053973985854855e-01,-8.099604950389910699e-03
9.771624738335745741e-01,-8.446017621134139022e-03
9.762002478380970016e-01,-8.799319240650235741e-03
9.752187666274612088e-01,-9.159480501969165245e-03
9.742180783223418628e-01,-9.526471596359636917e-03
9.731982319442082918e-01,-9.900262219168566927e-03
9.721592774106895263e-01,-1.028082157569253606e-02
9.711012655308713937e-01,-1.066811838707955665e-02
9.700242480005294432e-01,-1.106212089625524704e-02
9.689282773972994756e-01,-1.146279687386954349e-02
9.678134071757862333e-01,-1.187011362425713368e-02
9.666796916626105851e-01,-1.228403799141116262e-02
9.655271860514001991e-01,-1.270453636496168826e-02
9.643559463977198210e-01,-1.313157468615671133e-02
9.631660296139477051e-01,-1.356511845384102133e-02
9.619574934640957586e-01,-1.400513273042625594e-02
9.607303965585762828e-01,-1.445158214785114900e-02
9.594847983489181997e-01,-1.490443091352414325e-02
9.582207591224304322e-01,-1.536364281624616815e-02
9.569383399968164339e-01,-1.582918123210734149e-02
9.556376029147424234e-01,-1.630100913035449975e-02
9.543186106383559908e-01,-1.677908907922453369e-02
9.529814267437622943e-01,-1.726338325173897362e-02
9.516261156154532941e-01,-1.775385343145566980e-02
9.502527424406972401e-01,-1.825046101817367691e-02
9.488613732038843063e-01,-1.875316703358496928e-02
9.474520746808335891e-01,-1.926193212687274739e-02
9.460249144330600268e-01,-1.977671658024793624e-02
9.445799608020052363e-01,-2.029748031442099934e-02
9.431172829032307137e-01,-2.082418289400781580e-02
9.416369506205768403e-01,-2.135678353286049949e-02
9.401390346002871379e-01,-2.189524109932351748e-02
9.386236062451009943e-01,-2.243951412140864077e-02
9.370907377083137479e-01,-2.298956079188637508e-02
9.355405018878077961e-01,-2.354533897328959374e-02
9.339729724200533933e-01,-2.410680620282357189e-02
9.323882236740816953e-01,-2.467391969718388603e-02
9.307863307454323776e-01,-2.524663635727248875e-02
9.291673694500731662e-01,-2.582491277281362060e-02
9.275314163182962757e-01,-2.640870522686294963e-02
9.258785485885915323e-01,-2.699796970020721873e-02
9.242088442014951832e-01,-2.759266187565309267e-02
9.225223817934190551e-01,-2.819273714219949073e-02
9.208192406904583960e-01,-2.879815059909214894e-02
9.190995009021797335e-01,-2.940885705975650535e-02
9.173632431153910805e-01,-3.002481105560694113e-02
9.156105486878931554e-01,-3.064596683972976507e-02
9.138414996422157266e-01,-3.127227839043456026e-02
9.120561786593363029e-01,-3.190369941467703641e-02
9.102546690723846146e-01,-3.254018335134448159e-02
9.084370548603327711e-01,-3.318168337440757093e-02
9.066034206416725416e-01,-3.382815239593110063e-02
9.047538516680793119e-01,-3.447954306894600307e-02
9.028884338180640512e-01,-3.513580779017762279e-02
9.010072535906166191e-01,-3.579689870263035034e-02
8.991103980988345290e-01,-3.646276769802622025e-02
8.971979550635464928e-01,-3.713336641909632807e-02
8.952700128069234209e-01,-3.780864626172256160e-02
8.933266602460842032e-01,-3.848855837693039572e-02
8.913679868866911660e-01,-3.917305367273013483e-02
8.893940828165399770e-01,-3.986208281580529145e-02
8.874050386991424455e-01,-4.055559623304894057e-02
8.854009457673045480e-01,-4.125354411294610002e-02
8.833818958166970159e-01,-4.195587640680105423e-02
8.813479811994222590e-01,-4.266254282981150892e-02
8.792992948175776258e-01,-4.337349286198575321e-02
8.772359301168132228e-01,-4.408867574890672214e-02
8.751579810798866266e-01,-4.480804050233905267e-02
8.730655422202152627e-01,-4.553153590068226286e-02
8.709587085754254554e-01,-4.625911048926879127e-02
8.688375757008994782e-01,-4.699071258050769445e-02
8.667022396633203840e-01,-4.772629025387453705e-02
8.645527970342151702e-01,-4.846579135574812652e-02
8.623893448834979436e-01,-4.920916349909568166e-02
8.602119807730098655e-01,-4.995635406300542175e-02
8.580208027500606516e-01,-5.070731019207057322e-02
8.558159093409679619e-01,-5.146197879562391941e-02
8.535973995445981233e-01,-5.222030654682487810e-02
8.513653728259057418e-01,-5.298223988160050135e-02
8.491199291094740920e-01,-5.374772499744396442e-02
8.468611687730566162e-01,-5.451670785206857300e-02
8.445891926411175366e-01,-5.528913416192405422e-02
8.423041019783750194e-01,-5.606494940057268894e-02
8.400059984833450066e-01,-5.684409879693062828e-02
8.376949842818853798e-01,-5.762652733337647604e-02
8.353711619207423444e-01,-5.841217974372770599e-02
8.330346343610981474e-01,-5.920100051109059708e-02
8.306855049721201256e-01,-5.999293386558376268e-02
8.283238775245117536e-01,-6.078792378194027013e-02
8.259498561840656894e-01,-6.158591397698942593e-02
8.235635455052177090e-01,-6.238684790702481164e-02
8.211650504246044147e-01,-6.319066876505784192e-02
8.187544762546216104e-01,-6.399731947796284681e-02
8.163319286769846750e-01,-6.480674270351718946e-02
8.138975137362935985e-01,-6.561888082733986771e-02
8.114513378335969085e-01,-6.643367595973097284e-02
8.089935077199607028e-01,-6.725106993241984632e-02
8.065241304900389041e-01,-6.807100429522089380e-02
8.040433135756466232e-01,-6.889342031260532739e-02
8.015511647393357419e-01,-6.971825896019265278e-02
7.990477920679737167e-01,-7.054546092116284473e-02
7.965333039663244907e-01,-7.137496658259931404e-02
7.940078091506330704e-01,-7.220671603176295750e-02
7.914714166422127661e-01,-7.304064905230289728e-02
7.889242357610348755e-01,-7.387670512041122350e-02
7.863663761193220303e-01,-7.471482340092276686e-02
7.837979476151460956e-01,-7.555494274336907456e-02
7.812190604260261795e-01,-7.639700167798713082e-02
7.786298250025336376e-01,-7.724093841169396568e-02
7.760303520618981876e-01,-7.808669082402544537e-02
7.734207525816194639e-01,-7.893419646305099846e-02
7.708011377930805708e-01,-7.978339254126548541e-02
7.681716191751679634e-01,-8.063421593146589961e-02
7.655323084478939943e-01,-8.148660316261735481e-02
7.628833175660236776e-01,-8.234049041571504801e-02
7.602247587127076711e-01,-8.319581351964693006e-02
7.575567442931178119e-01,-8.405250794706323192e-02
7.548793869280898683e-01,-8.491050881025935526e-02
7.521927994477702883e-01,-8.576975085707699842e-02
7.494970948852686110e-01,-8.663016846682955463e-02
7.467923864703162051e-01,-8.749169564625802753e-02
7.440787876229305597e-01,-8.835426602552476361e-02
7.413564119470863467e-01,-8.921781285424802699e-02
7.386253732243931447e-01,-9.008226899758628448e-02
7.358857854077802685e-01,-9.094756693237653067e-02
7.331377626151894811e-01,-9.181363874333425823e-02
7.303814191232738118e-01,-9.268041611932004153e-02
7.276168693611076987e-01,-9.354783034967868727e-02
7.248442279039035707e-01,-9.441581232065823781e-02
7.220636094667377547e-01,-9.528429251191454508e-02
7.192751288982872637e-01,-9.615320099310659119e-02
7.164789011745749114e-01,-9.702246742059049411e-02
7.136750413927271941e-01,-9.789202103421652812e-02
7.108636647647418316e-01,-9.876179065423598691e-02
7.080448866112677431e-01,-9.963170467832538346e-02
7.052188223553969015e-01,-1.005016910787304429e-01
7.023855875164698448e-01,-1.013716773995410880e-01
6.995452977038947306e-01,-1.022415907540976665e-01
6.966980686109798260e-01,-1.031113578225396898e-01
6.938440160087822051e-01,-1.039809048494985816e-01
6.909832557399707698e-01,-1.048501576419443027e-01
6.881159037127071443e-01,-1.057190415671881156e-01
6.852420758945428902e-01,-1.065874815510499535e-01
6.823618883063347074e-01,-1.074554020761940010e-01
6.794754570161781748e-01,-1.083227271806401909e-01
6.765828981333618097e-01,-1.091893804564558618e-01
6.736843278023411097e-01,-1.100552850486326284e-01
6.707798621967342445e-01,-1.109203636541558208e-01
6.678696175133387314e-01,-1.117845385212696274e-01
6.649537099661730899e-01,-1.126477314489454928e-01
6.620322557805412567e-01,-1.135098637865559063e-01
6.591053711871223131e-01,-1.143708564337624356e-01
6.561731724160866364e-01,-1.152306298406194779e-01
6.532357756912381408e-01,-1.160891040079005121e-01
6.502932972241858289e-01,-1.169461984876519478e-01
6.473458532085432093e-01,-1.178018323839773590e-01
6.443935598141585785e-01,-1.186559243540588615e-01
6.414365331813766113e-01,-1.195083926094175630e-01
6.384748894153310372e-01,-1.203591549174205938e-01
6.355087445802729551e-01,-1.212081286030352451e-01
6.325382146939311223e-01,-1.220552305508380009e-01
6.295634157219106575e-01,-1.229003772072778666e-01
6.265844635721258271e-01,-1.237434845832037500e-01
6.236014740892737995e-01,-1.245844682566523420e-01
6.206145630493445919e-01,-1.254232433759072118e-01
6.176238461541740943e-01,-1.262597246628262004e-01
6.146294390260375051e-01,-1.270938264164449272e-01
6.116314572022852891e-01,-1.279254625168566306e-01
6.086300161300243206e-01,-1.287545464293723685e-01
6.056252311608436578e-01,-1.295809912089641858e-01
6.026172175455871693e-01,-1.304047095049937210e-01
5.996060904291737881e-01,-1.312256135662278889e-01
5.965919648454672819e-01,-1.320436152461456625e-01
5.935749557121962061e-01,-1.328586260085358461e-01
5.905551778259257034e-01,-1.336705569333891674e-01
5.875327458570814843e-01,-1.344793187230859666e-01
5.845077743450292074e-01,-1.352848217088806759e-01
5.814803776932087054e-01,-1.360869758576845612e-01
5.784506701643247206e-01,-1.368856907791481670e-01
5.754187658755962609e-01,-1.376808757330446331e-01
5.723847787940646858e-01,-1.384724396369530208e-01
5.693488227319628558e-01,-1.392602910742446187e-01
5.663110113421455649e-01,-1.400443383023706467e-01
5.632714581135840337e-01,-1.408244892614528010e-01
5.602302763669227970e-01,-1.416006515831754742e-01
5.571875792501042035e-01,-1.423727325999812054e-01
5.541434797340581975e-01,-1.431406393545662514e-01
5.510980906084610442e-01,-1.439042786096792481e-01
5.480515244775621131e-01,-1.446635568582186615e-01
5.450038937560820473e-01,-1.454183803336299707e-01
5.419553106651812113e-01,-1.461686550206021673e-01
5.389058872285020785e-01,-1.469142866660586022e-01
5.358557352682841168e-01,-1.476551807904461500e-01
5.328049664015541698e-01,-1.483912426993149181e-01
5.297536920363922208e-01,-1.491223774951912218e-01
5.267020233682749852e-01,-1.498484900897388838e-01
5.236500713764959958e-01,-1.505694852162071662e-01
5.205979468206661798e-01,-1.512852674421644728e-01
5.175457602372933730e-01,-1.519957411825110793e-01
5.144936219364426577e-01,-1.527008107127719450e-01
5.114416419984794127e-01,-1.534003801826644975e-01
5.083899302708939638e-01,-1.540943536299375916e-01
5.053385963652105017e-01,-1.547826349944796398e-01
5.022877496539791542e-01,-1.554651281326900891e-01
4.992374992678553780e-01,-1.561417368321121879e-01
4.961879540927627841e-01,-1.568123648263217151e-01
4.931392227671437811e-01,-1.574769158100671751e-01
4.900914136792974274e-01,-1.581352934546582933e-01
4.870446349648046014e-01,-1.587874014235959308e-01
4.839989945040420460e-01,-1.594331433884403071e-01
4.809545999197852306e-01,-1.600724230449114827e-01
4.779115585749008077e-01,-1.607051441292172977e-01
4.748699775701284431e-01,-1.613312104346019960e-01
4.718299637419538506e-01,-1.619505258281124516e-01
4.687916236605720322e-01,-1.625629942675725637e-01
4.657550636279412792e-01,-1.631685198187634855e-01
4.627203896759288781e-01,-1.637670066728010576e-01
4.596877075645486310e-01,-1.643583591637040875e-01
4.566571227802885269e-01,-1.649424817861486758e-01
4.536287405345323931e-01,-1.655192792134003998e-01
4.506026657620717524e-01,-1.660886563154175544e-01
4.475790031197100505e-01,-1.666505181771195943e-01
4.445578569849586437e-01,-1.672047701168117295e-01
4.415393314548246573e-01,-1.677513177047606219e-01
4.385235303446903821e-01,-1.682900667819112461e-01
4.355105571872838754e-01,-1.688209234787399204e-01
4.325005152317406565e-01,-1.693437942342327085e-01
4.294935074427565502e-01,-1.698585858149851968e-01
4.264896364998305711e-01,-1.703652053344109907e-01
4.234890047965976789e-01,-1.708635602720552926e-01
4.204917144402517404e-01,-1.713535584930019895e-01
4.174978672510565314e-01,-1.718351082673672259e-01
4.145075647619458348e-01,-1.723081182898715535e-01
4.115209082182105793e-01,-1.727724976994803319e-01
4.085379985772735201e-01,-1.732281560991054958e-01
4.055589365085496278e-01,-1.736750035753583110e-01
4.025838223933920768e-01,-1.741129507183454550e-01
3.996127563251227199e-01,-1.745419086414982945e-01
3.966458381091458318e-01,-1.749617890014279198e-01
3.936831672631443402e-01,-1.753725040177939176e-01
3.907248430173577147e-01,-1.757739664931814993e-01
3.877709643149397922e-01,-1.761660898329738267e-01
3.848216298123958157e-01,-1.765487880652124586e-01
3.818769378800973002e-01,-1.769219758604365367e-01
3.789369866028733935e-01,-1.772855685514894419e-01
3.760018737806775646e-01,-1.776394821532853718e-01
3.730716969293273455e-01,-1.779836333825245420e-01
3.701465532813172921e-01,-1.783179396773491576e-01
3.672265397867020553e-01,-1.786423192169285523e-01
3.643117531140484533e-01,-1.789566909409648354e-01
3.614022896514557104e-01,-1.792609745691101653e-01
3.584982455076405894e-01,-1.795550906202833807e-01
3.555997165130874715e-01,-1.798389604318792467e-01
3.527067982212599428e-01,-1.801125061788580173e-01
3.498195859098729432e-01,-1.803756508927072955e-01
3.469381745822239238e-01,-1.806283184802650599e-01
3.440626589685797931e-01,-1.808704337423955866e-01
3.411931335276187638e-01,-1.811019223925071642e-01
3.383296924479246015e-01,-1.813227110749024151e-01
3.354724296495314451e-01,-1.815327273829517862e-01
3.326214387855163657e-01,-1.817318998770805216e-01
3.297768132436387223e-01,-1.819201581025582382e-01
3.269386461480225936e-01,-1.820974326070844140e-01
3.241070303608811765e-01,-1.822636549581564402e-01
3.212820584842805416e-01,-1.824187577602139343e-01
3.184638228619399158e-01,-1.825626746715486026e-01
3.156524155810666588e-01,-1.826953404209703535e-01
3.128479284742236577e-01,-1.828166908242200572e-01
3.100504531212255888e-01,-1.829266628001206541e-01
3.072600808510632664e-01,-1.830251943864567854e-01
3.044769027438517517e-01,-1.831122247555746485e-01
3.017010096328013868e-01,-1.831876942296916388e-01
2.989324921062073703e-01,-1.832515442959086194e-01
2.961714405094572622e-01,-1.833037176209162677e-01
2.934179449470518120e-01,-1.833441580653839831e-01
2.906720952846383321e-01,-1.833728106980269390e-01
2.879339811510521763e-01,-1.833896218093400976e-01
2.852036919403649340e-01,-1.833945389249913016e-01
2.824813168139364561e-01,-1.833875108188671166e-01
2.797669447024667133e-01,-1.833684875257605984e-01
2.770606643080469333e-01,-1.833374203536954905e-01
2.743625641062054643e-01,-1.832942618958789405e-01
2.716727323479458667e-01,-1.832389660422728550e-01
2.689912570617760124e-01,-1.831714879907801463e-01
2.663182260557228620e-01,-1.830917842580351562e-01
2.636537269193324762e-01,-1.829998126897945665e-01
2.609978470256509864e-01,-1.828955324709183594e-01
2.583506735331848048e-01,-1.827789041349369148e-01
2.557122933878360205e-01,-1.826498895731970551e-01
2.530827933248120387e-01,-1.825084520435791835e-01
2.504622598705046332e-01,-1.823545561787819347e-01
2.478507793443368301e-01,-1.821881679941654286e-01
2.452484378605756521e-01,-1.820092548951507960e-01
2.426553213301058110e-01,-1.818177856841667328e-01
2.400715154621635428e-01,-1.816137305671406410e-01
2.374971057660271445e-01,-1.813970611595275284e-01
2.349321775526615752e-01,-1.811677504918725867e-01
2.323768159363144292e-01,-1.809257730149023413e-01
2.298311058360605896e-01,-1.806711046041394875e-01
2.272951319772936740e-01,-1.804037225640385267e-01
2.247689788931599986e-01,-1.801236056316356249e-01
2.222527309259350603e-01,-1.798307339797123316e-01
2.197464722283371252e-01,-1.795250892194659720e-01
2.172502867647777558e-01,-1.792066544026854891e-01
2.147642583125457527e-01,-1.788754140234295742e-01
2.122884704629219854e-01,-1.785313540192032533e-01
2.098230066222233625e-01,-1.781744617716303214e-01
2.073679500127731390e-01,-1.778047261066202922e-01
2.049233836737955339e-01,-1.774221372940269215e-01
2.024893904622319385e-01,-1.770266870467957776e-01
2.000660530534772441e-01,-1.766183685196007214e-01
1.976534539420335690e-01,-1.761971763069662134e-01
1.952516754420795531e-01,-1.757631064408755606e-01
1.928607996879529718e-01,-1.753161563878634921e-01
1.904809086345448377e-01,-1.748563250455928419e-01
1.881120840576032405e-01,-1.743836127389142010e-01
1.857544075539444006e-01,-1.738980212154089267e-01
1.834079605415699643e-01,-1.733995536404161764e-01
1.810728242596879589e-01,-1.728882145915427992e-01
1.787490797686365485e-01,-1.723640100526582786e-01
1.764368079497081465e-01,-1.718269474073746417e-01
1.741360895048729152e-01,-1.712770354320126698e-01
1.718470049563997348e-01,-1.707142842880561284e-01
1.695696346463736737e-01,-1.701387055140954341e-01
1.673040587361080411e-01,-1.695503120172627276e-01
1.650503572054503321e-01,-1.689491180641600476e-01
1.628086098519802571e-01,-1.683351392712847394e-01
1.605788962900992767e-01,-1.677083925949517385e-01
1.583612959500099171e-01,-1.670688963207191957e-01
1.561558880765846202e-01,-1.664166700523185549e-01
1.539627517281227098e-01,-1.657517347000921071e-01
1.517819657749946705e-01,-1.650741124689439343e-01
1.496136088981730450e-01,-1.643838268458058804e-01
1.474577595876496450e-01,-1.636809025866247658e-01
1.453144961407376312e-01,-1.629653657028735103e-01
1.431838966602586305e-01,-1.622372434475922720e-01
1.410660390526146113e-01,-1.614965643009642904e-01
1.389610010257430750e-01,-1.607433579554309322e-01
1.368688600869567285e-01,-1.599776553003522117e-01
1.347896935406660834e-01,-1.591994884062183091e-01
1.327235784859863710e-01,-1.584088905084180821e-01
1.306705918142269662e-01,-1.576058959905704271e-01
1.286308102062649061e-01,-1.567905403674245968e-01
1.266043101298018891e-01,-1.559628602673379105e-01
1.245911678365053260e-01,-1.551228934143355498e-01
1.225914593590332613e-01,-1.542706786097604588e-01
1.206052605079442341e-01,-1.534062557135211780e-01
1.186326468684920504e-01,-1.525296656249442440e-01
1.166736937973062299e-01,-1.516409502632393713e-01
1.147284764189586415e-01,-1.507401525475856596e-01
1.127970696224177838e-01,-1.498273163768462646e-01
1.108795480573900316e-01,-1.489024866089205812e-01
1.089759861305502620e-01,-1.479657090397419328e-01
1.070864580016622908e-01,-1.470170303819305357e-01
1.052110375795898001e-01,-1.460564982431091507e-01
1.033497985181994344e-01,-1.450841611038922174e-01
1.015028142121573995e-01,-1.441000682955566603e-01
9.967015779262006214e-02,-1.431042699774041083e-01
9.785190212282104949e-02,-1.420968171138251024e-01
9.604811979355555585e-02,-1.410777614510734523e-01
9.425888311856341073e-02,-1.400471554937623708e-01
9.248426412981325395e-02,-1.390050524810919064e-01
9.072433457268871959e-02,-1.379515063628175275e-01
8.897916590107869672e-02,-1.368865717749715993e-01
8.724882927237395669e-02,-1.358103040153470220e-01
8.553339554237109066e-02,-1.347227590187544954e-01
8.383293526008697705e-02,-1.336239933320645390e-01
8.214751866248495848e-02,-1.325140640890447308e-01
8.047721566911500424e-02,-1.313930289850034350e-01
7.882209587667067530e-02,-1.302609462512519523e-01
7.718222855346415501e-02,-1.291178746293951685e-01
7.555768263382293959e-02,-1.279638733454638855e-01
7.394852671240932651e-02,-1.267990020838985488e-01
7.235482903846592040e-02,-1.256233209613978052e-01
7.077665750998982097e-02,-1.244368905006423276e-01
6.921407966783757471e-02,-1.232397716039070612e-01
6.766716268976347148e-02,-1.220320255265718024e-01
6.613597338439482221e-02,-1.208137138505449848e-01
6.462057818514570229e-02,-1.195848984576097507e-01
6.312104314407283867e-02,-1.183456415027065722e-01
6.163743392567633261e-02,-1.170960053871639567e-01
6.016981580064773016e-02,-1.158360527318888222e-01
5.871825363956893057e-02,-1.145658463505299096e-01
5.728281190656448613e-02,-1.132854492226258170e-01
5.586355465291067968e-02,-1.119949244667499538e-01
5.446054551060392629e-02,-1.106943353136653624e-01
5.307384768589238494e-02,-1.093837450795011601e-01
5.170352395277291041e-02,-1.080632171389631219e-01
5.034963664645768222e-02,-1.067328148985913633e-01
4.901224765681258533e-02,-1.053926017700764217e-01
4.769141842177147123e-02,-1.040426411436472520e-01
4.638720992072854765e-02,-1.026829963615423086e-01
4.509968266791374025e-02,-1.013137306915775498e-01
4.382889670575228214e-02,-9.993490730082199569e-02
4.257491159821378407e-02,-9.854658922939438237e-02
4.133778642415259635e-02,-9.714883936439241974e-02
4.011757977064393105e-02,-9.574172041396732113e-02
3.891434972631835354e-02,-9.432529488155544373e-02
3.772815387469820314e-02,-9.289962504027879375e-02
3.655904928753951622e-02,-9.146477290752751121e-02
3.540709251818270620e-02,-9.002080021973467294e-02
3.427233959491492871e-02,-8.856776840735655631e-02
3.315484601434861428e-02,-8.710573857007011811e-02
3.205466673481796591e-02,-8.563477145219769437e-02
3.097185616979812942e-02,-8.415492741837291013e-02
2.990646818134996485e-02,-8.266626642945769377e-02
2.885855607359307656e-02,-8.116884801872172039e-02
2.782817258621183079e-02,-7.966273126829702400e-02
2.681536988799595317e-02,-7.814797478591663238e-02
2.582019957042063635e-02,-7.662463668195057531e-02
2.484271264126812831e-02,-7.509277454674807839e-02
2.388295951829490921e-02,-7.355244542829872390e-02
2.294099002294711781e-02,-7.200370581022091931e-02
2.201685337412764495e-02,-7.044661159009009410e-02
2.111059818201833915e-02,-6.888121805811615872e-02
2.022227244195958992e-02,-6.730757987617971838e-02
1.935192352839155625e-02,-6.572575105723839350e-02
1.849959818885879570e-02,-6.413578494511155970e-02
1.766534253808249577e-02,-6.253773419465434580e-02
1.684920205210252084e-02,-6.093165075232991751e-02
1.605122156249230367e-02,-5.931758583718870631e-02
1.527144525064991730e-02,-5.769558992226508920e-02
1.450991664216715049e-02,-5.606571271639824994e-02
1.376667860128099295e-02,-5.442800314648894855e-02
1.304177332540818260e-02,-5.278250934019704937e-02
1.233524233976733900e-02,-5.112927860909122213e-02
1.164712649209024425e-02,-4.946835743225706100e-02
1.097746594742509199e-02,-4.779979144037239253e-02
1.032630018303441234e-02,-4.612362540025689156e-02
9.693667983389256740e-03,-4.443990319990251403e-02
9.079607435263668813e-03,-4.274866783399525194e-02
8.484155922929777910e-03,-4.104996138993053517e-02
7.907350123457303898e-03,-3.934382503433306311e-02
7.349226002118456821e-03,-3.763029900008411921e-02
6.809818807901289739e-03,-3.590942257386543768e-02
6.289163069133231650e-03,-3.418123408422506226e-02
5.787292589215982733e-03,-3.244577089016813243e-02
5.304240442474936028e-03,-3.070306937028243616e-02
4.840038970123865421e-03,-2.895316491240056481e-02
4.394719776347099510e-03,-2.719609190380517863e-02
3.968313724500821538e-03,-2.543188372198235125e-02
3.560850933434649406e-03,-2.366057272592573049e-02
3.172360773935298164e-03,-2.188219024799708742e-02
2.802871865294181974e-03,-2.009676658634920732e-02
2.452412071998990271e-03,-1.830433099790936338e-02
2.121008500551282028e-03,-1.650491169192980917e-02
1.808687496412195866e-03,-1.469853582411408469e-02
1.515474641074544522e-03,-1.288522949130708334e-02
1.241394749265806565e-03,-1.106501772677073205e-02
9.864718662796086428e-04,-9.237924496029071772e-03
7.507292654390205914e-04,-7.403972693299766539e-03
5.341894456907035453e-04,-5.563184138503622297e-03
3.368741293307338128e-04,-3.715579574852826035e-03
1.588042598653066476e-04,-1.861178667045017754e-03
0.000000000000000000e+00,0.000000000000000000e+00
-1.391045350221370284e-04,1.862754629509305029e-03
-2.580760061165261634e-04,3.721883176344194070e-03
-3.568965790216936489e-04,5.577366310526720924e-03
-4.355491908704765694e-04,7.429183125726074310e-03
-4.940175520466601449e-04,9.277311140717644025e-03
-5.322861481111111365e-04,1.112172630146277853e-02
-5.503402418005076419e-04,1.296240298387265830e-02
-5.481658750966823812e-04,1.479931399722901261e-02
-5.257498713663118391e-04,1.663243058826084642e-02
-4.830798375702455554e-04,1.846172244588567893e-02
-4.201441665418195141e-04,2.028715770659793999e-02
-3.369320393330015560e-04,2.210870296052091025e-02
-2.334334276278648805e-04,2.392632325809995394e-02
-1.096390962219973009e-04,2.573998211744917691e-02
3.445939443324054843e-05,2.754964153234252741e-02
1.988696856224337825e-04,2.935526198084263336e-02
3.835986176955160157e-04,3.115680243456909332e-02
5.886522273360322161e-04,3.295422036860014281e-02
8.140357447696351320e-04,3.474747177200170067e-02
1.059753590914403864e-03,3.653651115898108592e-02
1.325809374474631267e-03,3.832129158066016617e-02
1.612205888979510900e-03,4.010176463746105424e-02
1.918945109768925312e-03,4.187788049210256630e-02
2.246028190927597257e-03,4.364958788319706073e-02
2.593455462169787836e-03,4.541683413944458403e-02
2.961226425676718229e-03,4.717956519441868918e-02
3.349339752888213367e-03,4.893772560193446891e-02
3.757793281251330976e-03,5.069125855199545921e-02
4.186584010927206327e-03,5.244010588730828315e-02
4.635708101459575653e-03,5.418420812036258555e-02
5.105160868406186450e-03,5.592350445106514245e-02
5.594936779936068860e-03,5.765793278492153950e-02
6.105029453394883801e-03,5.938742975175777261e-02
6.635431651840636817e-03,6.111193072497263928e-02
7.186135280553093523e-03,6.283136984131458547e-02
7.757131383518079716e-03,6.454568002117060110e-02
8.348410139890875478e-03,6.625479298936269579e-02
8.959960860440142200e-03,6.795863929643906898e-02
9.591771983975903165e-03,6.965714834045327875e-02
1.024383107376401758e-02,7.135024838922050805e-02
1.091612481392987069e-02,7.303786660304130429e-02
1.160863900585475811e-02,7.471992905788396588e-02
1.232135856456693240e-02,7.639636076901387685e-02
1.305426751513128966e-02,7.806708571506106031e-02
1.380734898903974300e-02,7.973202686251409932e-02
1.458058522060599188e-02,8.139110619063065488e-02
1.537395754336746620e-02,8.304424471675404817e-02
1.618744638649741857e-02,8.469136252202356940e-02
1.702103127123060292e-02,8.633237877746925693e-02
1.787469080730509294e-02,8.796721177047772677e-02
1.874840268942432400e-02,8.959577893162010143e-02
1.964214369374126315e-02,9.121799686182785472e-02
2.055588967436927997e-02,9.283378135990708047e-02
2.148961555992172021e-02,9.444304745037802873e-02
2.244329535008402973e-02,9.604570941162791919e-02
2.341690211222190177e-02,9.764168080436666508e-02
2.441040797802762272e-02,9.923087450037054724e-02
2.542378414020914426e-02,1.008132027115037771e-01
2.645700084922414028e-02,1.023885770190048616e-01
2.751002741006271582e-02,1.039569084030247392e-01
2.858283217908198781e-02,1.055181072724050984e-01
2.967538256089576054e-02,1.070720834946834038e-01
3.078764500532214440e-02,1.086187464263120989e-01
3.191958500439309038e-02,1.101580049430795905e-01
3.307116708942800520e-02,1.116897674707195420e-01
3.424235482817601650e-02,1.132139420156962756e-01
3.543311082202813683e-02,1.147304361961521274e-01
3.664339670330465232e-02,1.162391572730052947e-01
3.787317313261900215e-02,1.177400121811837536e-01
3.912239979632251008e-02,1.192329075609833283e-01
4.039103540403198717e-02,1.207177497895353946e-01
4.167903768624438982e-02,1.221944450123725601e-01
4.298636339204042756e-02,1.236628991750785278e-01
4.431296828688102707e-02,1.251230180550084448e-01
4.565880715049876193e-02,1.265747072930679118e-01
4.702383377488791177e-02,1.280178724255363609e-01
4.840800096239527422e-02,1.294524189159218797e-01
4.981126052391527531e-02,1.308782521868352144e-01
5.123356327719150172e-02,1.322952776518688534e-01
5.267485904522775653e-02,1.337034007474683928e-01
5.413509665481130301e-02,1.351025269647843363e-01
5.561422393515062096e-02,1.364925618814888941e-01
5.711218771663058302e-02,1.378734111935479012e-01
5.862893382968756978e-02,1.392449807469328116e-01
6.016440710380643181e-02,1.406071765692604170e-01
6.171855136664241431e-02,1.419599049013485215e-01
6.329130944327018837e-02,1.433030722286741387e-01
6.488262315556178605e-02,1.446365853127213330e-01
6.649243332169625653e-02,1.459603512222076016e-01
6.812067975580285428e-02,1.472742773641748937e-01
6.976730126774009777e-02,1.485782715149338573e-01
7.143223566301235006e-02,1.498722418508493803e-01
7.311541974282598222e-02,1.511560969789543241e-01
7.481678930428752039e-02,1.524297459673808752e-01
7.653627914074455363e-02,1.536930983755969427e-01
7.827382304227201160e-02,1.549460642844353586e-01
8.002935379630521373e-02,1.561885543259062259e-01
8.180280318842086951e-02,1.574204797127786160e-01
8.359410200326804208e-02,1.586417522679224312e-01
8.540318002565053246e-02,1.598522844533980802e-01
8.722996604176101731e-02,1.610519893992834461e-01
8.907438784057009062e-02,1.622407809322275463e-01
9.093637221536904347e-02,1.634185736037196968e-01
9.281584496546954610e-02,1.645852827180642186e-01
9.471273089806012124e-02,1.657408243600507203e-01
9.662695383022042173e-02,1.668851154223086053e-01
9.855843659109432553e-02,1.680180736323371726e-01
1.005071010242231666e-01,1.691396175792013179e-01
1.024728679900382966e-01,1.702496667398825658e-01
1.044556573685150730e-01,1.713481415052772183e-01
1.064553880619881765e-01,1.724349632058311821e-01
1.084719779981283133e-01,1.735100541368041760e-01
1.105053441330812874e-01,1.745733375831526601e-01
1.125554024547693599e-01,1.756247378440251306e-01
1.146220679863547420e-01,1.766641802568595099e-01
1.167052547898660836e-01,1.776915912210754456e-01
1.188048759699869977e-01,1.787068982213542157e-01
1.209208436780075807e-01,1.797100298504976934e-01
1.230530691159373025e-01,1.807009158318593212e-01
1.252014625407807114e-01,1.816794870413397378e-01
1.273659332689738022e-01,1.826456755289405653e-01
1.295463896809825877e-01,1.835994145398697763e-01
1.317427392260610841e-01,1.845406385351909817e-01
1.339548884271698215e-01,1.854692832120118096e-01
1.361827428860539480e-01,1.863852855232052408e-01
1.384262072884789863e-01,1.872885836966568518e-01
1.406851854096249077e-01,1.881791172540345225e-01
1.429595801196362204e-01,1.890568270290733377e-01
1.452492933893283766e-01,1.899216551853726564e-01
1.475542262960478079e-01,1.907735452336996040e-01
1.498742790296861693e-01,1.916124420487930746e-01
1.522093508988458799e-01,1.924382918856685221e-01
1.545593403371567920e-01,1.932510423954135748e-01
1.569241449097417418e-01,1.940506426404762230e-01
1.593036613198302864e-01,1.948370431094386124e-01
1.616977854155182692e-01,1.956101957312748052e-01
1.641064121966720746e-01,1.963700538890893743e-01
1.665294358219757132e-01,1.971165724333341362e-01
1.689667496161189331e-01,1.978497076945005262e-01
1.714182460771242755e-01,1.985694174952855606e-01
1.738838168838118536e-01,1.992756611622298613e-01
1.763633529033988845e-01,1.999683995368253808e-01
1.788567441992328366e-01,2.006475949860924979e-01
1.813638800386554450e-01,2.013132114126245931e-01
1.838846489009955121e-01,2.019652142640997183e-01
1.864189384856889675e-01,2.026035705422585542e-01
1.889666357205226910e-01,2.032282488113486552e-01
1.915276267700006252e-01,2.038392192060346497e-01
1.941017970438294604e-01,2.044364534387750065e-01
1.966890312055218359e-01,2.050199248066654489e-01
1.992892131811135892e-01,2.055896081977498790e-01
2.019022261679938868e-01,2.061454800967996714e-01
2.045279526438441020e-01,2.066875185905631684e-01
2.071662743756841896e-01,2.072157033724863207e-01
2.098170724290230327e-01,2.077300157469058606e-01
2.124802271771099038e-01,2.082304386327176182e-01
2.151556183102856235e-01,2.087169565665228654e-01
2.178431248454281433e-01,2.091895557052525223e-01
2.205426251354925815e-01,2.096482238282756372e-01
2.232539968791406038e-01,2.100929503389916686e-01
2.259771171304570947e-01,2.105237262659120367e-01
2.287118623087516789e-01,2.109405442632330541e-01
2.314581082084415098e-01,2.113433986109043983e-01
2.342157300090116356e-01,2.117322852141972911e-01
2.369846022850519429e-01,2.121072016027749085e-01
2.397645990163659868e-01,2.124681469292722391e-01
2.425555935981485445e-01,2.128151219673857231e-01
2.453574588512304755e-01,2.131481291094820818e-01
2.481700670323861713e-01,2.134671723637267815e-01
2.509932898447011507e-01,2.137722573507413182e-01
2.538269984479968877e-01,2.140633912997906840e-01
2.566710634693091242e-01,2.143405830445098692e-01
2.595253550134176135e-01,2.146038430181735346e-01
2.623897426734229099e-01,2.148531832485141568e-01
2.652640955413681501e-01,2.150886173520963063e-01
2.681482822189022452e-01,2.153101605282516373e-01
2.710421708279808217e-01,2.155178295525829180e-01
2.739456290216037981e-01,2.157116427700415673e-01
2.768585239945832166e-01,2.158916200875864166e-01
2.797807224943419935e-01,2.160577829664318827e-01
2.827120908317369286e-01,2.162101544138897713e-01
2.856524948919061946e-01,2.163487589748143147e-01
2.886018001451352011e-01,2.164736227226574938e-01
2.915598716577406657e-01,2.165847732501398615e-01
2.945265741029671203e-01,2.166822396595487754e-01
2.975017717718952959e-01,2.167660525526670656e-01
3.004853285843575583e-01,2.168362440203430441e-01
3.034771080998586723e-01,2.168928476317096288e-01
3.064769735284982866e-01,2.169358984230590759e-01
3.094847877418925308e-01,2.169654328863832582e-01
3.125004132840913940e-01,2.169814889575867878e-01
3.155237123824899959e-01,2.169841060043818659e-01
3.185545469587298673e-01,2.169733248138736026e-01
3.215927786395881838e-01,2.169491875798431890e-01
3.246382687678519008e-01,2.169117378897389981e-01
3.276908784131740693e-01,2.168610207113845501e-01
3.307504683829099457e-01,2.167970823794096447e-01
3.338168992329296758e-01,2.167199705814173982e-01
3.368900312784058326e-01,2.166297343438927103e-01
3.399697246045725318e-01,2.165264240178631505e-01
3.430558390774538502e-01,2.164100912643206753e-01
3.461482343545588258e-01,2.162807890394133348e-01
3.492467698955420974e-01,2.161385715794159335e-01
3.523513049728245194e-01,2.159834943854893607e-01
3.554616986821757529e-01,2.158156142082366946e-01
3.585778099532529462e-01,2.156349890320673757e-01
3.616994975600950069e-01,2.154416780593753078e-01
3.648266201315703561e-01,2.152357416945441249e-01
3.679590361617752214e-01,2.150172415277854798e-01
3.710966040203808602e-01,2.147862403188213476e-01
3.742391819629279914e-01,2.145428019804196673e-01
3.773866281410659940e-01,2.142869915617913734e-01
3.805388006127350953e-01,2.140188752318590293e-01
3.836955573522898288e-01,2.137385202624059177e-01
3.868567562605618182e-01,2.134459950111147197e-01
3.900222551748601663e-01,2.131413689045046633e-01
3.931919118789082290e-01,2.128247124207766350e-01
3.963655841127141644e-01,2.124960970725755793e-01
3.995431295823746454e-01,2.121555953896772651e-01
4.027244059698097955e-01,2.118032809016115181e-01
4.059092709424277357e-01,2.114392281202276958e-01
4.090975821627178544e-01,2.110635125222127539e-01
4.122891972977712483e-01,2.106762105315710121e-01
4.154839740287264438e-01,2.102773995020729703e-01
4.186817700601402903e-01,2.098671576996823940e-01
4.218824431292823030e-01,2.094455642849709920e-01
4.250858510153508463e-01,2.090126992955269603e-01
4.282918515486111022e-01,2.085686436283680500e-01
4.315003026194532132e-01,2.081134790223661823e-01
4.347110621873698788e-01,2.076472880406907418e-01
4.379239882898522951e-01,2.071701540532816799e-01
4.411389390512041597e-01,2.066821612193557867e-01
4.443557726912720773e-01,2.061833944699586751e-01
4.475743475340928645e-01,2.056739394905659768e-01
4.507945220164564226e-01,2.051538827037444890e-01
4.540161546963827344e-01,2.046233112518782704e-01
4.572391042615147616e-01,2.040823129799687885e-01
4.604632295374241346e-01,2.035309764185146697e-01
4.636883894958315766e-01,2.029693907664796015e-01
4.669144432627392316e-01,2.023976458743537987e-01
4.701412501264772281e-01,2.018158322273163330e-01
4.733686695456620908e-01,2.012240409285058484e-01
4.765965611570677773e-01,2.006223636824044643e-01
4.798247847834091195e-01,2.000108927783410540e-01
4.830532004410371671e-01,1.993897210741228110e-01
4.862816683475469914e-01,1.987589419797965440e-01
4.895100489292971702e-01,1.981186494415499710e-01
4.927382028288413429e-01,1.974689379257553168e-01
4.959659909122726140e-01,1.968099024031623734e-01
4.991932742764793596e-01,1.961416383332454383e-01
5.024199142563136045e-01,1.954642416487104017e-01
5.056457724316730795e-01,1.947778087401649816e-01
5.088707106344944053e-01,1.940824364409589886e-01
5.120945909556610109e-01,1.933782220121976203e-01
5.153172757518238445e-01,1.926652631279327232e-01
5.185386276521354310e-01,1.919436578605369093e-01
5.217585095648998861e-01,1.912135046662628013e-01
5.249767846841351115e-01,1.904749023709935152e-01
5.281933164960525007e-01,1.897279501561860982e-01
5.314079687854503797e-01,1.889727475450117822e-01
5.346206056420255148e-01,1.882093943886987697e-01
5.378310914665992426e-01,1.874379908530758865e-01
5.410392909772624437e-01,1.866586374053245678e-01
5.442450692154382486e-01,1.858714348009396500e-01
5.474482915518622539e-01,1.850764840709013814e-01
5.506488236924833579e-01,1.842738865090631506e-01
5.538465316842842157e-01,1.834637436597525428e-01
5.570412819210207589e-01,1.826461573055943866e-01
5.602329411488857769e-01,1.818212294555504316e-01
5.634213764720926720e-01,1.809890623331826820e-01
5.666064553583820551e-01,1.801497583651395229e-01
5.697880456444540664e-01,1.793034201698649743e-01
5.729660155413224265e-01,1.784501505465345417e-01
5.761402336395958779e-01,1.775900524642162470e-01
5.793105689146849091e-01,1.767232290512588955e-01
5.824768907319360922e-01,1.758497835849073543e-01
5.856390688516932563e-01,1.749698194811455665e-01
5.887969734342880512e-01,1.740834402847665774e-01
5.919504750449605668e-01,1.731907496596711005e-01
5.950994446587096753e-01,1.722918513793926520e-01
5.982437536650747623e-01,1.713868493178493935e-01
6.013832738728505101e-01,1.704758474403226809e-01
6.045178775147337369e-01,1.695589497946612678e-01
6.076474372519052869e-01,1.686362605027093564e-01
6.107718261785461955e-01,1.677078837519583032e-01
6.138909178262900168e-01,1.667739237874207581e-01
6.170045861686120903e-01,1.658344849037246826e-01
6.201127056251555247e-01,1.648896714374272487e-01
6.232151510659971194e-01,1.639395877595454798e-01
6.263117978158515564e-01,1.629843382683020536e-01
6.294025216582160853e-01,1.620240273820845178e-01
6.324871988394566991e-01,1.610587595326156973e-01
6.355657060728364671e-01,1.600886391583317137e-01
6.386379205424859151e-01,1.591137706979676159e-01
6.417037199073176712e-01,1.581342585843439064e-01
6.447629823048860453e-01,1.571502072383566539e-01
6.478155863551909865e-01,1.561617210631617014e-01
6.508614111644290823e-01,1.551689044385561878e-01
6.539003363286910453e-01,1.541718617155492244e-01
6.569322419376070199e-01,1.531706972111217813e-01
6.599570085779407069e-01,1.521655152031692881e-01
6.629745173371324185e-01,1.511564199256268115e-01
6.659846498067919507e-01,1.501435155637694807e-01
6.689872880861426063e-01,1.491269062496876074e-01
6.719823147854164791e-01,1.481066960579293379e-01
6.749696130292019980e-01,1.470829890013095609e-01
6.779490664597433991e-01,1.460558890268800480e-01
6.809205592401944562e-01,1.450255000120546367e-01
6.838839760578264704e-01,1.439919257608892056e-01
6.868392021271892967e-01,1.429552700005073396e-01
6.897861231932296278e-01,1.419156363776707952e-01
6.927246255343634251e-01,1.408731284554880225e-01
6.956545959655053846e-01,1.398278497102575235e-01
6.985759218410546589e-01,1.387799035284401072e-01
7.014884910578391697e-01,1.377293932037553792e-01
7.043921920580158424e-01,1.366764219343987730e-01
7.072869138319306526e-01,1.356210928203724353e-01
7.101725459209359270e-01,1.345635088609268282e-01
7.130489784201684555e-01,1.335037729521053318e-01
7.159161019812848581e-01,1.324419878843904053e-01
7.187738078151589827e-01,1.313782563404421733e-01
7.216219876945376699e-01,1.303126808929285785e-01
7.244605339566581037e-01,1.292453640024364692e-01
7.272893395058244170e-01,1.281764080154647045e-01
7.301082978159479930e-01,1.271059151624880645e-01
7.329173029330460221e-01,1.260339875560907430e-01
7.357162494777030881e-01,1.249607271891626931e-01
7.385050326474944526e-01,1.238862359331528162e-01
7.412835482193710357e-01,1.228106155363749563e-01
7.440516925520057612e-01,1.217339676223605366e-01
7.468093625881034869e-01,1.206563936882523447e-01
7.495564558566711888e-01,1.195779951032356486e-01
7.522928704752526174e-01,1.184988731069991641e-01
7.550185051521235424e-01,1.174191288082217233e-01
7.577332591884513580e-01,1.163388631830795106e-01
7.604370324804151648e-01,1.152581770737682032e-01
7.631297255212903252e-01,1.141771711870355754e-01
7.658112394034940484e-01,1.130959460927169480e-01
7.684814758205947838e-01,1.120146022222715948e-01
7.711403370692830883e-01,1.109332398673130854e-01
7.737877260513050803e-01,1.098519591781286497e-01
7.764235462753592554e-01,1.087708601621824173e-01
7.790477018589543334e-01,1.076900426825979085e-01
7.816600975302301357e-01,1.066096064566152690e-01
7.842606386297400478e-01,1.055296510540167376e-01
7.868492311121961791e-01,1.044502758955177246e-01
7.894257815481749985e-01,1.033715802511166737e-01
7.919901971257864437e-01,1.022936632384008615e-01
7.945423856523030626e-01,1.012166238208010577e-01
7.970822555557512956e-01,1.001405608057948093e-01
7.996097158864636789e-01,9.906557284304759459e-02
8.021246763185920781e-01,9.799175842249432944e-02
8.046270471515819533e-01,9.691921587235113877e-02
8.071167393116067679e-01,9.584804335705779388e-02
8.095936643529629828e-01,9.477833887514244826e-02
8.120577344594255287e-01,9.371020025700875500e-02
8.145088624455628645e-01,9.264372516263885693e-02
8.169469617580121801e-01,9.157901107920764228e-02
8.193719464767129645e-01,9.051615531860913999e-02
8.217837313161024948e-01,8.945525501488528486e-02
8.241822316262664705e-01,8.839640712155802382e-02
8.265673633940525677e-01,8.733970840886089160e-02
8.289390432441396950e-01,8.628525546086347753e-02
8.312971884400672806e-01,8.523314467249051840e-02
8.336417168852217063e-01,8.418347224642874771e-02
8.359725471237809957e-01,8.313633418992007196e-02
8.382895983416186469e-01,8.209182631143865927e-02
8.405927903671621682e-01,8.105004421724947006e-02
8.428820436722114229e-01,8.001108330784299782e-02
8.451572793727136768e-01,7.897503877424807972e-02
8.474184192294944573e-01,7.794200559421717023e-02
8.496653856489457812e-01,7.691207852828402247e-02
8.518981016836726372e-01,7.588535211568937788e-02
8.541164910330928395e-01,7.486192067017634344e-02
8.563204780439958030e-01,7.384187827564983597e-02
8.585099877110565769e-01,7.282531878170120376e-02
8.606849456773054685e-01,7.181233579899677644e-02
8.628452782345547023e-01,7.080302269452549979e-02
8.649909123237795594e-01,6.979747258670994381e-02
8.671217755354571066e-01,6.879577834037405026e-02
8.692377961098590733e-01,6.779803256157114488e-02
8.713389029373012074e-01,6.680432759226939687e-02
8.734250255583480005e-01,6.581475550489429560e-02
8.754960941639731153e-01,6.482940809672732563e-02
8.775520395956756259e-01,6.384837688416233892e-02
8.795927933455521819e-01,6.287175309681700131e-02
8.816182875563243204e-01,6.189962767150118672e-02
8.836284550213210354e-01,6.093209124604147264e-02
8.856232291844196025e-01,5.996923415296231269e-02
8.876025441399397753e-01,5.901114641302426800e-02
8.895663346324955700e-01,5.805791772861952638e-02
8.915145360568025312e-01,5.710963747702672844e-02
8.934470844574428083e-01,5.616639470352306762e-02
8.953639165285848245e-01,5.522827811435877809e-02
8.972649696136617559e-01,5.429537606959063123e-02
8.991501817050061574e-01,5.336777657577945755e-02
9.010194914434427327e-01,5.244556727855080591e-02
9.028728381178370288e-01,5.152883545502079388e-02
9.047101616646046063e-01,5.061766800608987621e-02
9.065314026671773551e-01,4.971215144860460788e-02
9.083365023554272888e-01,4.881237190739021181e-02
9.101254026050529244e-01,4.791841510715655339e-02
9.118980459369209202e-01,4.703036636427877087e-02
9.136543755163714087e-01,4.614831057845495549e-02
9.153943351524819194e-01,4.527233222424394132e-02
9.171178692972917768e-01,4.440251534248582099e-02
9.188249230449905269e-01,4.353894353160618624e-02
9.205154421310650648e-01,4.268169993881038016e-02
9.221893729314125654e-01,4.183086725116567234e-02
9.238466624614140033e-01,4.098652768658040541e-02
9.254872583749741421e-01,4.014876298467659477e-02
9.271111089635230007e-01,3.931765439756642472e-02
9.287181631549857874e-01,3.849328268052978896e-02
9.303083705127156433e-01,3.767572808259968958e-02
9.318816812343958533e-01,3.686507033705842262e-02
9.334380461509074189e-01,3.606138865184800590e-02
9.349774167251653223e-01,3.526476169989917198e-02
9.364997450509247034e-01,3.447526760938117441e-02
9.380049838515549521e-01,3.369298395387913814e-02
9.394930864787864877e-01,3.291798774250085519e-02
9.409640069114280081e-01,3.215035540991677959e-02
9.424176997540558709e-01,3.139016280634063932e-02
9.438541202356773852e-01,3.063748518744986021e-02
9.452732242083685676e-01,2.989239720425608191e-02
9.466749681458858090e-01,2.915497289292565825e-02
9.480593091422563345e-01,2.842528566455602632e-02
9.494262049103422418e-01,2.770340829491385257e-02
9.507756137803863306e-01,2.698941291413729446e-02
9.521074946985347287e-01,2.628337099641030183e-02
9.534218072253413112e-01,2.558535334960897537e-02
9.547185115342522455e-01,2.489543010493012326e-02
9.559975684100746607e-01,2.421367070650380995e-02
9.572589392474265546e-01,2.354014390099388315e-02
9.585025860491742655e-01,2.287491772719508695e-02
9.597284714248527360e-01,2.221805950562854085e-02
9.609365585890757844e-01,2.156963582814173594e-02
9.621268113599318328e-01,2.092971254751863422e-02
9.632991941573707528e-01,2.029835476710392314e-02
9.644536720015803866e-01,1.967562683044736180e-02
9.655902105113545186e-01,1.906159231097349915e-02
9.667087759024550753e-01,1.845631400168063971e-02
9.678093349859665517e-01,1.785985390487629040e-02
9.688918551666467760e-01,1.727227322195159023e-02
9.699563044412748969e-01,1.669363234320329556e-02
9.710026513969948203e-01,1.612399083770535424e-02
9.720308652096607549e-01,1.556340744323667612e-02
9.730409156421798711e-01,1.501194005627128764e-02
9.740327730428590680e-01,1.446964572203291062e-02
9.750064083437521845e-01,1.393658062462374732e-02
9.759617930590130941e-01,1.341280007722810835e-02
9.768988992832527973e-01,1.289835851239852504e-02
9.778176996899029527e-01,1.239330947242872974e-02
9.787181675295874017e-01,1.189770559982014468e-02
9.796002766285031305e-01,1.141159862784270514e-02
9.804640013868102244e-01,1.093503937120084493e-02
9.813093167770332581e-01,1.046807771680459756e-02
9.821361983424770070e-01,1.001076261465346472e-02
9.829446221956524843e-01,9.563142068837285001e-03
9.837345650167227395e-01,9.125263128659450926e-03
9.845060040519595379e-01,8.697171879885022550e-03
9.852589171122212441e-01,8.278913436122255221e-03
9.859932825714482485e-01,7.870531930338034096e-03
9.867090793651767111e-01,7.472070506516518759e-03
9.874062869890745109e-01,7.083571311459645713e-03
9.880848854974992879e-01,6.705075486740574506e-03
9.887448555020782459e-01,6.336623160808501493e-03
9.893861781703134906e-01,5.978253441253389075e-03
9.900088352242110146e-01,5.630004407232621841e-03
9.906128089389379943e-01,5.291913102064589071e-03
9.911980821415058429e-01,4.964015525993822724e-03
9.917646382094817969e-01,4.646346629129058728e-03
9.923124610697310333e-01,4.338940304561887326e-03
9.928415351971869862e-01,4.041829381668569400e-03
9.933518456136557484e-01,3.755045619594561245e-03
9.938433778866498924e-01,3.478619700933387356e-03
9.943161181282572647e-01,3.212581225596090363e-03
9.947700529940437519e-01,2.956958704878272486e-03
9.952051696819892435e-01,2.711779555727550448e-03
9.956214559314617851e-01,2.477070095214254069e-03
9.960189000222260391e-01,2.252855535208356588e-03
9.963974907734904907e-01,2.039159977266398038e-03
9.967572175429920689e-01,1.836006407729892653e-03
9.970980702261196260e-01,1.643416693039267224e-03
9.974200392550769401e-01,1.461411575266128920e-03
9.977231155980856858e-01,1.290010667864232522e-03
9.980072907586292619e-01,1.129232451644635732e-03
9.982725567747381401e-01,9.790942709747970860e-04
9.985189062183170705e-01,8.396123302046971330e-04
9.987463321945141415e-01,7.108016903224767535e-04
9.989548283411330276e-01,5.926762658411560431e-04
9.991443888280896468e-01,4.852488219161706757e-04
9.993150083569113384e-01,3.885309717009844278e-04
9.994666821602802287e-01,3.025331739338465585e-04
9.995994060016226701e-01,2.272647307658234752e-04
9.997131761747417578e-01,1.627337858243997756e-04
9.998079895034961417e-01,1.089473225184873389e-04
9.998838433415244697e-01,6.591116258281548275e-05
9.999407355720141277e-01,3.362996486340043907e-05
9.999786646075173868e-01,1.210722434644799563e-05
9.999976293898127366e-01,1.345271428123843807e-06
