# Gamma,Appellian
3.700000000000000000e+01 1.828943941721136168e-01 1.173414404758591809e+04
7.300000000000000000e+01 3.681301383165633961e-02 1.164409825987114709e+04
1.450000000000000000e+02 3.382770495005852501e-03 1.165469282753819243e+04
2.890000000000000000e+02 1.910452337182414948e-05 1.165433420010794543e+04
5.770000000000000000e+02 5.014798760481114507e-11 1.165433197369644768e+04
1.153000000000000000e+03 1.560783927943864357e-14 1.165433197369058871e+04
2.305000000000000000e+03 3.121567855887712305e-14 1.165433197369064874e+04
4.609000000000000000e+03 4.682351783831603483e-14 1.165433197369056325e+04
9.217000000000000000e+03 6.243135711775414513e-14 1.165433197369066693e+04
1.843300000000000000e+04 4.682351783831595279e-14 1.165433197369058144e+04
3.686500000000000000e+04 4.682351783831626203e-14 1.165433197369050504e+04
7.372900000000000000e+04 2.809411070298850514e-13 1.165433197369102527e+04
1.474570000000000000e+05 4.526273391037377502e-13 1.165433197369014852e+04
2.949130000000000000e+05 9.364703567663348331e-14 1.165433197369038680e+04
5.898250000000000000e+05 1.560783927943891178e-14 1.165433197369038680e+04
