# Gamma,Appellian
3.700000000000000000e+01 5.833540751608572161e-03 2.925317789186707159e+04
7.300000000000000000e+01 6.728815556718314213e-05 2.925178632361340351e+04
1.450000000000000000e+02 2.162259131729313858e-10 2.925176664163792520e+04
2.890000000000000000e+02 0.000000000000000000e+00 2.925176664157467894e+04
5.770000000000000000e+02 0.000000000000000000e+00 2.925176664157466439e+04
1.153000000000000000e+03 0.000000000000000000e+00 2.925176664157467894e+04
2.305000000000000000e+03 2.487356645270901368e-14 2.925176664157459891e+04
4.609000000000000000e+03 3.731034967906330753e-14 2.925176664157476989e+04
9.217000000000000000e+03 2.487356645270897266e-14 2.925176664157464620e+04
1.843300000000000000e+04 2.487356645270884644e-14 2.925176664157479536e+04
3.686500000000000000e+04 4.974713290541814726e-14 2.925176664157453342e+04
7.372900000000000000e+04 1.243678322635427933e-13 2.925176664157513733e+04
1.474570000000000000e+05 1.119310490371907430e-13 2.925176664157455161e+04
2.949130000000000000e+05 8.705748258448033145e-14 2.925176664157500636e+04
5.898250000000000000e+05 1.119310490371870322e-13 2.925176664157551932e+04
