# Gamma,Appellian
3.700000000000000000e+01 0.000000000000000000e+00 4.815575111778762948e+04
7.300000000000000000e+01 0.000000000000000000e+00 4.815575111778764403e+04
1.450000000000000000e+02 0.000000000000000000e+00 4.815575111778765131e+04
2.890000000000000000e+02 1.510921841170464805e-14 4.815575111778756400e+04
5.770000000000000000e+02 1.510921841170461965e-14 4.815575111778765859e+04
1.153000000000000000e+03 0.000000000000000000e+00 4.815575111778764403e+04
2.305000000000000000e+03 3.021843682340934659e-14 4.815575111778748396e+04
4.609000000000000000e+03 3.021843682340918251e-14 4.815575111778774590e+04
9.217000000000000000e+03 6.043687364681895824e-14 4.815575111778727296e+04
1.843300000000000000e+04 1.208737472936353164e-13 4.815575111778831342e+04
3.686500000000000000e+04 1.057645288819329876e-13 4.815575111778736027e+04
7.372900000000000000e+04 6.043687364681817569e-14 4.815575111778789869e+04
1.474570000000000000e+05 2.115290577638708219e-13 4.815575111778626160e+04
2.949130000000000000e+05 9.065531047023140347e-14 4.815575111778570135e+04
5.898250000000000000e+05 7.554609205851706884e-13 4.815575111779150029e+04
