# Gamma,Appellian
3.700000000000000000e+01 7.142857125209286728e+00 3.530596558053863770e+12
7.300000000000000000e+01 7.142857117594707539e+00 1.765298282065979492e+12
1.450000000000000000e+02 7.142857078953324113e+00 8.826491450364235840e+11
2.890000000000000000e+02 7.142856571518425568e+00 4.413245910818786011e+11
5.770000000000000000e+02 7.142834333746857389e+00 2.206626701704909058e+11
1.153000000000000000e+03 7.141607959428469599e+00 1.103416034194081573e+11
2.305000000000000000e+03 7.081429308139439271e+00 5.542436852569412994e+10
4.609000000000000000e+03 5.581887249426004338e+00 3.135024275459683990e+10
9.217000000000000000e+03 3.350191925781933477e-01 3.141617452961085510e+10
1.843300000000000000e+04 6.081395426055887787e-01 3.491913813481715393e+10
3.686500000000000000e+04 3.301389871172901586e-02 3.489108355965527344e+10
7.372900000000000000e+04 2.555286282228902775e-05 3.487970725688941956e+10
1.474570000000000000e+05 4.921526994280913854e-12 3.487969834415314484e+10
2.949130000000000000e+05 8.093177723927975494e-13 3.487969834415589905e+10
5.898250000000000000e+05 3.499752529266368237e-13 3.487969834415373993e+10
