# Gamma,Appellian
3.700000000000000000e+01 1.494121163284699077e-03 4.321718652962639317e+04
7.300000000000000000e+01 5.702994069227896490e-08 4.321654120683819929e+04
1.450000000000000000e+02 0.000000000000000000e+00 4.321654118219184602e+04
2.890000000000000000e+02 1.683604799261818583e-14 4.321654118219187512e+04
5.770000000000000000e+02 0.000000000000000000e+00 4.321654118219186785e+04
1.153000000000000000e+03 0.000000000000000000e+00 4.321654118219187512e+04
2.305000000000000000e+03 1.683604799261819530e-14 4.321654118219184602e+04
4.609000000000000000e+03 1.683604799261823632e-14 4.321654118219173688e+04
9.217000000000000000e+03 0.000000000000000000e+00 4.321654118219172233e+04
1.843300000000000000e+04 1.683604799261820477e-14 4.321654118219182419e+04
3.686500000000000000e+04 6.734419197047221322e-14 4.321654118219221709e+04
7.372900000000000000e+04 1.515244319335660517e-13 4.321654118219119118e+04
1.474570000000000000e+05 3.367209598523705324e-14 4.321654118219100201e+04
2.949130000000000000e+05 2.693767678818843595e-13 4.321654118219293014e+04
5.898250000000000000e+05 5.724256317490588216e-13 4.321654118218881194e+04
