# Gamma,Appellian
3.700000000000000000e+01 0.000000000000000000e+00 4.999481182863521099e+04
7.300000000000000000e+01 1.455342534165919887e-14 4.999481182863519643e+04
1.450000000000000000e+02 1.455342534165919887e-14 4.999481182863519643e+04
2.890000000000000000e+02 0.000000000000000000e+00 4.999481182863523281e+04
5.770000000000000000e+02 0.000000000000000000e+00 4.999481182863525464e+04
1.153000000000000000e+03 1.455342534165923043e-14 4.999481182863509457e+04
2.305000000000000000e+03 1.455342534165918625e-14 4.999481182863524737e+04
4.609000000000000000e+03 0.000000000000000000e+00 4.999481182863528375e+04
9.217000000000000000e+03 4.366027602497726214e-14 4.999481182863558206e+04
1.843300000000000000e+04 1.018739773916151620e-13 4.999481182863482536e+04
3.686500000000000000e+04 2.910685068331841667e-14 4.999481182863517461e+04
7.372900000000000000e+04 2.183013801248955814e-13 4.999481182863345748e+04
1.474570000000000000e+05 3.347287828581539505e-13 4.999481182863633876e+04
2.949130000000000000e+05 3.783890588831548721e-13 4.999481182863313006e+04
5.898250000000000000e+05 7.276712670829798860e-14 4.999481182863382855e+04
