# Gamma,Appellian
3.700000000000000000e+01 0.000000000000000000e+00 4.895960928472832893e+04
7.300000000000000000e+01 0.000000000000000000e+00 4.895960928472836531e+04
1.450000000000000000e+02 0.000000000000000000e+00 4.895960928472836531e+04
2.890000000000000000e+02 0.000000000000000000e+00 4.895960928472835803e+04
5.770000000000000000e+02 0.000000000000000000e+00 4.895960928472839441e+04
1.153000000000000000e+03 2.972228627017658998e-14 4.895960928472813248e+04
2.305000000000000000e+03 4.458342940526457889e-14 4.895960928472846717e+04
4.609000000000000000e+03 2.972228627017652056e-14 4.895960928472824889e+04
9.217000000000000000e+03 2.972228627017638803e-14 4.895960928472845990e+04
1.843300000000000000e+04 0.000000000000000000e+00 4.895960928472850355e+04
3.686500000000000000e+04 2.972228627017654580e-14 4.895960928472819796e+04
7.372900000000000000e+04 8.916685881052821115e-14 4.895960928472898377e+04
1.474570000000000000e+05 7.430571567544115625e-14 4.895960928472833621e+04
2.949130000000000000e+05 1.486114313508819086e-14 4.895960928472847445e+04
5.898250000000000000e+05 2.972228627017623026e-14 4.895960928472872183e+04
