# Gamma,Appellian
3.700000000000000000e+01 6.028809777313874629e-02 1.765339297098528914e+04
7.300000000000000000e+01 2.953483861749393435e-03 1.767238708340781886e+04
1.450000000000000000e+02 5.668648671150225823e-06 1.767188116041701869e+04
2.890000000000000000e+02 2.346833388891338333e-12 1.767188015866676506e+04
5.770000000000000000e+02 0.000000000000000000e+00 1.767188015866635396e+04
1.153000000000000000e+03 2.058625779729294074e-14 1.767188015866633577e+04
2.305000000000000000e+03 2.058625779729290603e-14 1.767188015866636488e+04
4.609000000000000000e+03 4.117251559458602663e-14 1.767188015866627393e+04
9.217000000000000000e+03 8.234503118917105614e-14 1.767188015866648857e+04
1.843300000000000000e+04 0.000000000000000000e+00 1.767188015866646310e+04
3.686500000000000000e+04 8.234503118917222996e-14 1.767188015866623755e+04
7.372900000000000000e+04 0.000000000000000000e+00 1.767188015866628120e+04
1.474570000000000000e+05 8.234503118917110662e-14 1.767188015866647766e+04
2.949130000000000000e+05 6.175877339187884115e-14 1.767188015866633214e+04
5.898250000000000000e+05 6.175877339187957321e-14 1.767188015866612113e+04
