# Gamma,Appellian
3.700000000000000000e+01 7.142856748898893215e+00 2.206622941438363037e+11
7.300000000000000000e+01 7.142856561803677451e+00 1.103311514529896240e+11
1.450000000000000000e+02 7.142855919236211548e+00 5.516558046745409393e+10
2.890000000000000000e+02 7.142853751436815557e+00 2.758279690340158463e+10
5.770000000000000000e+02 7.142821093440260505e+00 1.379143513742333031e+10
1.153000000000000000e+03 7.141468078225426730e+00 6.896430524453680992e+09
2.305000000000000000e+03 7.079776401731222357e+00 3.464488397164191246e+09
4.609000000000000000e+03 5.572802872865066703e+00 1.961128882169383049e+09
9.217000000000000000e+03 3.319606078231283064e-01 1.965997341273456097e+09
1.843300000000000000e+04 6.069258790354207234e-01 2.184673233633876324e+09
3.686500000000000000e+04 3.291824151261938530e-02 2.182911101581380844e+09
7.372900000000000000e+04 2.546563545399777891e-05 2.182201417016279697e+09
1.474570000000000000e+05 4.763562435130095378e-12 2.182200861306488037e+09
2.949130000000000000e+05 8.303457455730671523e-13 2.182200861306668758e+09
5.898250000000000000e+05 1.529584268160961244e-13 2.182200861306600094e+09
