# Gamma,Appellian
3.700000000000000000e+01 7.188065390259368651e-03 2.998444089274195721e+04
7.300000000000000000e+01 6.983053308384123059e-05 2.998262058390424863e+04
1.450000000000000000e+02 2.225551088404130710e-10 2.998259964794809639e+04
2.890000000000000000e+02 1.213363367358564895e-14 2.998259964788143043e+04
5.770000000000000000e+02 2.426726734717137995e-14 2.998259964788132493e+04
1.153000000000000000e+03 1.213363367358565369e-14 2.998259964788141588e+04
2.305000000000000000e+03 0.000000000000000000e+00 2.998259964788141951e+04
4.609000000000000000e+03 1.213363367358566315e-14 2.998259964788139405e+04
9.217000000000000000e+03 1.213363367358564107e-14 2.998259964788144862e+04
1.843300000000000000e+04 3.640090102075714250e-14 2.998259964788126308e+04
3.686500000000000000e+04 4.853453469434320166e-14 2.998259964788105208e+04
7.372900000000000000e+04 9.706906938868478774e-14 2.998259964788155048e+04
1.474570000000000000e+05 1.213363367358536370e-13 2.998259964788212892e+04
2.949130000000000000e+05 6.066816836792630102e-14 2.998259964788238722e+04
5.898250000000000000e+05 4.853453469434485764e-13 2.998259964788002981e+04
