# Gamma,Appellian
3.700000000000000000e+01 1.502131872341526571e-03 4.194113522033981280e+04
7.300000000000000000e+01 5.758287208258096013e-08 4.194050559558878012e+04
1.450000000000000000e+02 0.000000000000000000e+00 4.194050557143825426e+04
2.890000000000000000e+02 0.000000000000000000e+00 4.194050557143827609e+04
5.770000000000000000e+02 0.000000000000000000e+00 4.194050557143823971e+04
1.153000000000000000e+03 0.000000000000000000e+00 4.194050557143824699e+04
2.305000000000000000e+03 0.000000000000000000e+00 4.194050557143823971e+04
4.609000000000000000e+03 0.000000000000000000e+00 4.194050557143825426e+04
9.217000000000000000e+03 1.734828303819584335e-14 4.194050557143837068e+04
1.843300000000000000e+04 1.734828303819581496e-14 4.194050557143844344e+04
3.686500000000000000e+04 6.939313215278401713e-14 4.194050557143798505e+04
7.372900000000000000e+04 5.204484911458839781e-14 4.194050557143767946e+04
1.474570000000000000e+05 1.734828303819564709e-13 4.194050557143885089e+04
2.949130000000000000e+05 2.081793964583546515e-13 4.194050557143746119e+04
5.898250000000000000e+05 1.214379812673709508e-13 4.194050557143835613e+04
