# Gamma,Appellian
3.700000000000000000e+01 6.608213810171266814e-03 2.953577252821840011e+04
7.300000000000000000e+01 6.902083710166204914e-05 2.953414689666598133e+04
1.450000000000000000e+02 2.206994889724796042e-10 2.953412651299347999e+04
2.890000000000000000e+02 0.000000000000000000e+00 2.953412651292835653e+04
5.770000000000000000e+02 2.463576368509983303e-14 2.953412651292828014e+04
1.153000000000000000e+03 2.463576368509975730e-14 2.953412651292836745e+04
2.305000000000000000e+03 1.231788184254990389e-14 2.953412651292830560e+04
4.609000000000000000e+03 0.000000000000000000e+00 2.953412651292832015e+04
9.217000000000000000e+03 0.000000000000000000e+00 2.953412651292831288e+04
1.843300000000000000e+04 0.000000000000000000e+00 2.953412651292830560e+04
3.686500000000000000e+04 0.000000000000000000e+00 2.953412651292834926e+04
7.372900000000000000e+04 7.390729105529851774e-14 2.953412651292866940e+04
1.474570000000000000e+05 1.108609365829498340e-13 2.953412651292812006e+04
2.949130000000000000e+05 1.231788184254970920e-13 2.953412651292877490e+04
5.898250000000000000e+05 2.094039913233522837e-13 2.953412651292775627e+04
