# Gamma,Appellian
3.700000000000000000e+01 2.426726597078207870e-01 1.062651428622472486e+04
7.300000000000000000e+01 5.633487848807232357e-02 1.050602969635827503e+04
1.450000000000000000e+02 6.423676236550704063e-03 1.050115529194882401e+04
2.890000000000000000e+02 1.229199265440200357e-05 1.050180919806003112e+04
5.770000000000000000e+02 1.785766441925326790e-11 1.050181048891162027e+04
1.153000000000000000e+03 0.000000000000000000e+00 1.050181048891349747e+04
2.305000000000000000e+03 1.732072203613008346e-14 1.050181048891347200e+04
4.609000000000000000e+03 1.732072203613013710e-14 1.050181048891344108e+04
9.217000000000000000e+03 1.732072203613006137e-14 1.050181048891348655e+04
1.843300000000000000e+04 1.732072203613002666e-14 1.050181048891350838e+04
3.686500000000000000e+04 0.000000000000000000e+00 1.050181048891350292e+04
7.372900000000000000e+04 8.660361018065127874e-14 1.050181048891337014e+04
1.474570000000000000e+05 1.905279423974269643e-13 1.050181048891369210e+04
2.949130000000000000e+05 1.732072203613021536e-13 1.050181048891339378e+04
5.898250000000000000e+05 3.464144407226060868e-14 1.050181048891333921e+04
