# Gamma,Appellian
3.700000000000000000e+01 1.466329946251086541e-03 4.150203289725190552e+04
7.300000000000000000e+01 5.660248237635215811e-08 4.150142471636857954e+04
1.450000000000000000e+02 0.000000000000000000e+00 4.150142469287774293e+04
2.890000000000000000e+02 0.000000000000000000e+00 4.150142469287774293e+04
5.770000000000000000e+02 1.753182611929007080e-14 4.150142469287766289e+04
1.153000000000000000e+03 1.753182611929001715e-14 4.150142469287779386e+04
2.305000000000000000e+03 1.753182611928995720e-14 4.150142469287793938e+04
4.609000000000000000e+03 1.753182611929002977e-14 4.150142469287776476e+04
9.217000000000000000e+03 1.753182611928998560e-14 4.150142469287786662e+04
1.843300000000000000e+04 5.259547835787035123e-14 4.150142469287756103e+04
3.686500000000000000e+04 5.259547835786987791e-14 4.150142469287793210e+04
7.372900000000000000e+04 1.402546089543228130e-13 4.150142469287700078e+04
1.474570000000000000e+05 2.629773917893443219e-13 4.150142469287872518e+04
2.949130000000000000e+05 2.279137395507740253e-13 4.150142469287710264e+04
5.898250000000000000e+05 1.577864350736084915e-13 4.150142469287823042e+04
