# Gamma,Appellian
3.700000000000000000e+01 1.954543406745168355e-01 1.061899065876699387e+04
7.300000000000000000e+01 4.929924222343858714e-02 1.051529203195921036e+04
1.450000000000000000e+02 2.754571569415012033e-03 1.051584132923993093e+04
2.890000000000000000e+02 1.641390419134484050e-07 1.051613071943824798e+04
5.770000000000000000e+02 8.804242069494621926e-12 1.051613073671413804e+04
1.153000000000000000e+03 0.000000000000000000e+00 1.051613073671321035e+04
2.305000000000000000e+03 0.000000000000000000e+00 1.051613073671321217e+04
4.609000000000000000e+03 0.000000000000000000e+00 1.051613073671320672e+04
9.217000000000000000e+03 3.459427139290944851e-14 1.051613073671314305e+04
1.843300000000000000e+04 3.459427139290963152e-14 1.051613073671309030e+04
3.686500000000000000e+04 1.383770855716352697e-13 1.051613073671333586e+04
7.372900000000000000e+04 1.210799498751833191e-13 1.051613073671312122e+04
1.474570000000000000e+05 2.421598997503572475e-13 1.051613073671353050e+04
2.949130000000000000e+05 1.556742212680909311e-13 1.051613073671325219e+04
5.898250000000000000e+05 1.729713569645405593e-13 1.051613073671355050e+04
