# Gamma,Appellian
3.700000000000000000e+01 0.000000000000000000e+00 4.712388980384689785e+04
7.300000000000000000e+01 0.000000000000000000e+00 4.712388980384691240e+04
1.450000000000000000e+02 0.000000000000000000e+00 4.712388980384690512e+04
2.890000000000000000e+02 0.000000000000000000e+00 4.712388980384690512e+04
5.770000000000000000e+02 0.000000000000000000e+00 4.712388980384693423e+04
1.153000000000000000e+03 1.544006160032543351e-14 4.712388980384682509e+04
2.305000000000000000e+03 0.000000000000000000e+00 4.712388980384681054e+04
4.609000000000000000e+03 1.544006160032546822e-14 4.712388980384672323e+04
9.217000000000000000e+03 6.176024640130126703e-14 4.712388980384718161e+04
1.843300000000000000e+04 1.544006160032535147e-14 4.712388980384707247e+04
3.686500000000000000e+04 7.720030800162775130e-14 4.712388980384646857e+04
7.372900000000000000e+04 2.470409856051990601e-13 4.712388980384833121e+04
1.474570000000000000e+05 1.080804312022765925e-13 4.712388980384745082e+04
2.949130000000000000e+05 1.544006160032559065e-13 4.712388980384634488e+04
5.898250000000000000e+05 1.389605544029270115e-13 4.712388980384746537e+04
