# Gamma,Appellian
3.700000000000000000e+01 7.142857076734992816e+00 1.117102823154189697e+12
7.300000000000000000e+01 7.142857047485476230e+00 5.585514152098820801e+11
1.450000000000000000e+02 7.142856928766104119e+00 2.792757118206994629e+11
2.890000000000000000e+02 7.142856146481908475e+00 1.396378660198287048e+11
5.770000000000000000e+02 7.142831524569996482e+00 6.981906591278392029e+10
1.153000000000000000e+03 7.141572985463840340e+00 3.491287218656201935e+10
2.305000000000000000e+03 7.081003457275131474e+00 1.753722092028326797e+10
4.609000000000000000e+03 5.579534662333383466e+00 9.921687896013118744e+09
9.217000000000000000e+03 3.342258254877971679e-01 9.943530367979553223e+09
1.843300000000000000e+04 6.078250676171712552e-01 1.105154963954336357e+10
3.686500000000000000e+04 3.298910348290876038e-02 1.104266155121642113e+10
7.372900000000000000e+04 2.553024971706308933e-05 1.103906376897877693e+10
1.474570000000000000e+05 5.062506239530046881e-12 1.103906095068716240e+10
2.949130000000000000e+05 6.047362402168711424e-13 1.103906095068768501e+10
5.898250000000000000e+05 2.073381395029356232e-13 1.103906095068724060e+10
