# Gamma,Appellian
3.700000000000000000e+01 6.943260498067879705e-02 1.753894308392797757e+04
7.300000000000000000e+01 2.355857596585562031e-03 1.755773899424342017e+04
1.450000000000000000e+02 4.914557012874002314e-06 1.755733916476261584e+04
2.890000000000000000e+02 2.092776554157052635e-12 1.755733830190304798e+04
5.770000000000000000e+02 0.000000000000000000e+00 1.755733830190268054e+04
1.153000000000000000e+03 0.000000000000000000e+00 1.755733830190268054e+04
2.305000000000000000e+03 0.000000000000000000e+00 1.755733830190265871e+04
4.609000000000000000e+03 0.000000000000000000e+00 1.755733830190269509e+04
9.217000000000000000e+03 2.072055994214939275e-14 1.755733830190274603e+04
1.843300000000000000e+04 1.036027997107486456e-13 1.755733830190246226e+04
3.686500000000000000e+04 6.216167982644862947e-14 1.755733830190261870e+04
7.372900000000000000e+04 1.036027997107459571e-13 1.755733830190291701e+04
1.474570000000000000e+05 1.450439195950480180e-13 1.755733830190247318e+04
2.949130000000000000e+05 1.243233596529003639e-13 1.755733830190217850e+04
5.898250000000000000e+05 8.288223976859922444e-14 1.755733830190239678e+04
