# Gamma,Appellian
3.700000000000000000e+01 0.000000000000000000e+00 4.723844824900793174e+04
7.300000000000000000e+01 0.000000000000000000e+00 4.723844824900790991e+04
1.450000000000000000e+02 0.000000000000000000e+00 4.723844824900793901e+04
2.890000000000000000e+02 0.000000000000000000e+00 4.723844824900788080e+04
5.770000000000000000e+02 0.000000000000000000e+00 4.723844824900788080e+04
1.153000000000000000e+03 0.000000000000000000e+00 4.723844824900798267e+04
2.305000000000000000e+03 0.000000000000000000e+00 4.723844824900789536e+04
4.609000000000000000e+03 1.540261774863920213e-14 4.723844824900784442e+04
9.217000000000000000e+03 0.000000000000000000e+00 4.723844824900779349e+04
1.843300000000000000e+04 1.540261774863917374e-14 4.723844824900792446e+04
3.686500000000000000e+04 4.620785324591715202e-14 4.723844824900831009e+04
7.372900000000000000e+04 1.540261774863911694e-14 4.723844824900809908e+04
1.474570000000000000e+05 1.540261774863947477e-13 4.723844824900700041e+04
2.949130000000000000e+05 3.080523549727879554e-14 4.723844824900724052e+04
5.898250000000000000e+05 2.618445017268584720e-13 4.723844824900927779e+04
