# Gamma,Appellian
3.700000000000000000e+01 1.503462702509727805e-03 4.247422749327663041e+04
7.300000000000000000e+01 5.749216694578120916e-08 4.247358929981182882e+04
1.450000000000000000e+02 1.713054568335898063e-14 4.247358927539281285e+04
2.890000000000000000e+02 1.713054568335896170e-14 4.247358927539285651e+04
5.770000000000000000e+02 1.713054568335899641e-14 4.247358927539276920e+04
1.153000000000000000e+03 1.713054568335893645e-14 4.247358927539292199e+04
2.305000000000000000e+03 1.713054568335901218e-14 4.247358927539273282e+04
4.609000000000000000e+03 1.713054568335904374e-14 4.247358927539265278e+04
9.217000000000000000e+03 6.852218273343536716e-14 4.247358927539315482e+04
1.843300000000000000e+04 1.027832741001548115e-13 4.247358927539242723e+04
3.686500000000000000e+04 6.852218273343567009e-14 4.247358927539296565e+04
7.372900000000000000e+04 6.852218273343657885e-14 4.247358927539239812e+04
1.474570000000000000e+05 3.426109136671808117e-14 4.247358927539266006e+04
2.949130000000000000e+05 1.370443654668753539e-13 4.247358927539172146e+04
5.898250000000000000e+05 2.569581852503802508e-13 4.247358927539354772e+04
