# Gamma,Appellian
3.700000000000000000e+01 0.000000000000000000e+00 4.758226280240623601e+04
7.300000000000000000e+01 0.000000000000000000e+00 4.758226280240623601e+04
1.450000000000000000e+02 0.000000000000000000e+00 4.758226280240619963e+04
2.890000000000000000e+02 1.529132324874527606e-14 4.758226280240627239e+04
5.770000000000000000e+02 0.000000000000000000e+00 4.758226280240629421e+04
1.153000000000000000e+03 1.529132324874530446e-14 4.758226280240617780e+04
2.305000000000000000e+03 1.529132324874525713e-14 4.758226280240633059e+04
4.609000000000000000e+03 1.529132324874523820e-14 4.758226280240639608e+04
9.217000000000000000e+03 7.645661624372703349e-14 4.758226280240586493e+04
1.843300000000000000e+04 7.645661624372617520e-14 4.758226280240639608e+04
3.686500000000000000e+04 3.058264649749028076e-14 4.758226280240669439e+04
7.372900000000000000e+04 0.000000000000000000e+00 4.758226280240672349e+04
1.474570000000000000e+05 1.070392627412177434e-13 4.758226280240590859e+04
2.949130000000000000e+05 0.000000000000000000e+00 4.758226280240594497e+04
5.898250000000000000e+05 1.529132324874499523e-13 4.758226280240714550e+04
