# Gamma,Appellian
3.700000000000000000e+01 3.528798997221863076e-02 1.881379653707722173e+04
7.300000000000000000e+01 3.756778719457683213e-03 1.883175502555744242e+04
1.450000000000000000e+02 6.638738804008550172e-06 1.883106756051837874e+04
2.890000000000000000e+02 2.666025742269815494e-12 1.883106631038100750e+04
5.770000000000000000e+02 0.000000000000000000e+00 1.883106631038048727e+04
1.153000000000000000e+03 0.000000000000000000e+00 1.883106631038048363e+04
2.305000000000000000e+03 0.000000000000000000e+00 1.883106631038049818e+04
4.609000000000000000e+03 1.931902711789780402e-14 1.883106631038042906e+04
9.217000000000000000e+03 3.863805423579531774e-14 1.883106631038057458e+04
1.843300000000000000e+04 3.863805423579557648e-14 1.883106631038044725e+04
3.686500000000000000e+04 3.863805423579578474e-14 1.883106631038034539e+04
7.372900000000000000e+04 3.863805423579598669e-14 1.883106631038024716e+04
1.474570000000000000e+05 2.125092982968709091e-13 1.883106631038086925e+04
2.949130000000000000e+05 5.795708135369267999e-14 1.883106631038066917e+04
5.898250000000000000e+05 1.545522169431766261e-13 1.883106631038113846e+04
