# Gamma,Appellian
3.700000000000000000e+01 1.694566771187248910e-01 1.080401411106684463e+04
7.300000000000000000e+01 4.311682786131054018e-02 1.071180851514583446e+04
1.450000000000000000e+02 2.070743265410380412e-04 1.071678217445639893e+04
2.890000000000000000e+02 9.393337672365740981e-06 1.071677608935931858e+04
5.770000000000000000e+02 2.958444593546250642e-11 1.071677508274708271e+04
1.153000000000000000e+03 0.000000000000000000e+00 1.071677508274390857e+04
2.305000000000000000e+03 1.697329084077527040e-14 1.071677508274389766e+04
4.609000000000000000e+03 0.000000000000000000e+00 1.071677508274388674e+04
9.217000000000000000e+03 3.394658168155038303e-14 1.071677508274394859e+04
1.843300000000000000e+04 1.697329084077524200e-14 1.071677508274391585e+04
3.686500000000000000e+04 8.486645420387499517e-14 1.071677508274407046e+04
7.372900000000000000e+04 1.527596175669790050e-13 1.071677508274378670e+04
1.474570000000000000e+05 1.697329084077545973e-14 1.071677508274377942e+04
2.949130000000000000e+05 1.697329084077590780e-13 1.071677508274349566e+04
5.898250000000000000e+05 6.280117611086446215e-13 1.071677508274458705e+04
