# Gamma,Appellian
3.700000000000000000e+01 1.474740868389021707e-03 4.417099309802919015e+04
7.300000000000000000e+01 5.622019886788497282e-08 4.417034208766447409e+04
1.450000000000000000e+02 0.000000000000000000e+00 4.417034206283184903e+04
2.890000000000000000e+02 0.000000000000000000e+00 4.417034206283182721e+04
5.770000000000000000e+02 0.000000000000000000e+00 4.417034206283186359e+04
1.153000000000000000e+03 1.647249551256235765e-14 4.417034206283188541e+04
2.305000000000000000e+03 3.294499102512486044e-14 4.417034206283169624e+04
4.609000000000000000e+03 1.647249551256237658e-14 4.417034206283183448e+04
9.217000000000000000e+03 4.941748653768679526e-14 4.417034206283213280e+04
1.843300000000000000e+04 1.647249551256223774e-14 4.417034206283221283e+04
3.686500000000000000e+04 9.883497307537496629e-14 4.417034206283151434e+04
7.372900000000000000e+04 3.294499102512476578e-14 4.417034206283181265e+04
1.474570000000000000e+05 1.153074685879388322e-13 4.417034206283099047e+04
2.949130000000000000e+05 3.294499102512551046e-14 4.417034206283082312e+04
5.898250000000000000e+05 1.647249551256230337e-13 4.417034206283203093e+04
