# Gamma,Appellian
3.700000000000000000e+01 2.172392862225700216e-01 1.247880760619505418e+04
7.300000000000000000e+01 3.722676526136733943e-02 1.237797203611822260e+04
1.450000000000000000e+02 3.586292262354285471e-03 1.238968924217817948e+04
2.890000000000000000e+02 1.935374974431995474e-05 1.238928327636563881e+04
5.770000000000000000e+02 5.025635296601384114e-11 1.238928087867439899e+04
1.153000000000000000e+03 1.468196113527286525e-14 1.238928087866819078e+04
2.305000000000000000e+03 1.468196113527289365e-14 1.238928087866816895e+04
4.609000000000000000e+03 0.000000000000000000e+00 1.238928087866817077e+04
9.217000000000000000e+03 2.936392227054568632e-14 1.238928087866821079e+04
1.843300000000000000e+04 2.936392227054579361e-14 1.238928087866816531e+04
3.686500000000000000e+04 7.340980567636543065e-14 1.238928087866800706e+04
7.372900000000000000e+04 1.027737279469098106e-13 1.238928087866822170e+04
1.474570000000000000e+05 1.321376502174583684e-13 1.238928087866795067e+04
2.949130000000000000e+05 2.936392227054484950e-13 1.238928087866856367e+04
5.898250000000000000e+05 0.000000000000000000e+00 1.238928087866850910e+04
