# Gamma,Appellian
3.700000000000000000e+01 7.142849788306264713e+00 1.379140436686139297e+10
7.300000000000000000e+01 7.142845905040216437e+00 6.895707496214112282e+09
1.450000000000000000e+02 7.142834182497767692e+00 3.447859297393077374e+09
2.890000000000000000e+02 7.142807721766734730e+00 1.723935640772969246e+09
5.770000000000000000e+02 7.142697482290860655e+00 8.619776987061290741e+08
1.153000000000000000e+03 7.140763063067658400e+00 4.310556060826285481e+08
2.305000000000000000e+03 7.072869730044523351e+00 2.166557744976520538e+08
4.609000000000000000e+03 5.536200210907712638e+00 1.230143892005801499e+08
9.217000000000000000e+03 3.197787759437781263e-01 1.235055970894351453e+08
1.843300000000000000e+04 6.020547113968552910e-01 1.371079829088968337e+08
3.686500000000000000e+04 3.253534960628377826e-02 1.369956701618148685e+08
7.372900000000000000e+04 2.511681268013216855e-05 1.369516485078064799e+08
1.474570000000000000e+05 4.874510065635752474e-12 1.369516141100239158e+08
2.949130000000000000e+05 6.745973751549073134e-13 1.369516141100321710e+08
5.898250000000000000e+05 0.000000000000000000e+00 1.369516141100313067e+08
