# Gamma,Appellian
3.700000000000000000e+01 1.657865784349277227e-01 1.117636147347926453e+04
7.300000000000000000e+01 3.878565646362698571e-02 1.108901739512581116e+04
1.450000000000000000e+02 2.273168604231380532e-03 1.109735452858258395e+04
2.890000000000000000e+02 1.585706111433898634e-05 1.109713042186359417e+04
5.770000000000000000e+02 4.343755998602595419e-11 1.109712866226196275e+04
1.153000000000000000e+03 1.639153207020556804e-14 1.109712866225716061e+04
2.305000000000000000e+03 1.639153207020558697e-14 1.109712866225714606e+04
4.609000000000000000e+03 1.639153207020554910e-14 1.109712866225717335e+04
9.217000000000000000e+03 1.639153207020559013e-14 1.109712866225714424e+04
1.843300000000000000e+04 3.278306414041138851e-14 1.109712866225707330e+04
3.686500000000000000e+04 3.278306414041115501e-14 1.109712866225715334e+04
7.372900000000000000e+04 9.834919242123511216e-14 1.109712866225696598e+04
1.474570000000000000e+05 1.311322565616440899e-13 1.109712866225719881e+04
2.949130000000000000e+05 9.834919242123159069e-14 1.109712866225736434e+04
5.898250000000000000e+05 3.442221734743298977e-13 1.109712866225674225e+04
