# Gamma,Appellian
3.700000000000000000e+01 7.762248139135913098e-03 3.138331663992186441e+04
7.300000000000000000e+01 6.880252333185853044e-05 3.138122604621596474e+04
1.450000000000000000e+02 2.187108792153055074e-10 3.138120445623868727e+04
2.890000000000000000e+02 1.159285907006169580e-14 3.138120445617003497e+04
5.770000000000000000e+02 1.159285907006168475e-14 3.138120445617006408e+04
1.153000000000000000e+03 1.159285907006166109e-14 3.138120445617013320e+04
2.305000000000000000e+03 3.477857721018511105e-14 3.138120445617001315e+04
4.609000000000000000e+03 1.159285907006166740e-14 3.138120445617010773e+04
9.217000000000000000e+03 0.000000000000000000e+00 3.138120445617004589e+04
1.843300000000000000e+04 2.318571814012346417e-14 3.138120445616993311e+04
3.686500000000000000e+04 2.318571814012336950e-14 3.138120445617006408e+04
7.372900000000000000e+04 4.637143628024719339e-14 3.138120445616975849e+04
1.474570000000000000e+05 8.115001349043360449e-14 3.138120445616936195e+04
2.949130000000000000e+05 8.115001349043246853e-14 3.138120445616980214e+04
5.898250000000000000e+05 3.477857721018554651e-14 3.138120445616962388e+04
