# Gamma,Appellian
3.700000000000000000e+01 1.489770513937258489e-03 4.161720994359731412e+04
7.300000000000000000e+01 5.728758027667453251e-08 4.161659032413297973e+04
1.450000000000000000e+02 0.000000000000000000e+00 4.161659030029184942e+04
2.890000000000000000e+02 0.000000000000000000e+00 4.161659030029187852e+04
5.770000000000000000e+02 0.000000000000000000e+00 4.161659030029187124e+04
1.153000000000000000e+03 0.000000000000000000e+00 4.161659030029184942e+04
2.305000000000000000e+03 1.748331028967649805e-14 4.161659030029178393e+04
4.609000000000000000e+03 8.741655144838139846e-14 4.161659030029230780e+04
9.217000000000000000e+03 1.048998617380595815e-13 4.161659030029155838e+04
1.843300000000000000e+04 1.748331028967650436e-14 4.161659030029177666e+04
3.686500000000000000e+04 5.244993086902914073e-14 4.161659030029207497e+04
7.372900000000000000e+04 5.244993086902956356e-14 4.161659030029173300e+04
1.474570000000000000e+05 3.496662057935280046e-14 4.161659030029202404e+04
2.949130000000000000e+05 2.272830337658018268e-13 4.161659030029044516e+04
5.898250000000000000e+05 4.370827572418949385e-13 4.161659030029345740e+04
