# Gamma,Appellian
3.700000000000000000e+01 7.571209900263234371e-03 3.059993175536420313e+04
7.300000000000000000e+01 6.974091493600115450e-05 3.059795639901755931e+04
1.450000000000000000e+02 2.218246769562100356e-10 3.059793506080881707e+04
2.890000000000000000e+02 0.000000000000000000e+00 3.059793506074093602e+04
5.770000000000000000e+02 1.188962196262538644e-14 3.059793506074097968e+04
1.153000000000000000e+03 2.377924392525087701e-14 3.059793506074084871e+04
2.305000000000000000e+03 2.377924392525077288e-14 3.059793506074097968e+04
4.609000000000000000e+03 0.000000000000000000e+00 3.059793506074097968e+04
9.217000000000000000e+03 2.377924392525069399e-14 3.059793506074108154e+04
1.843300000000000000e+04 7.133773177575283929e-14 3.059793506074075776e+04
3.686500000000000000e+04 1.188962196262548268e-14 3.059793506074073593e+04
7.372900000000000000e+04 1.545650855141275230e-13 3.059793506074147444e+04
1.474570000000000000e+05 3.566886588787583273e-14 3.059793506074125980e+04
2.949130000000000000e+05 1.070065976636293157e-13 3.059793506074073957e+04
5.898250000000000000e+05 2.021235733646396395e-13 3.059793506073975732e+04
