# Gamma,Appellian
3.700000000000000000e+01 2.837203750569804866e-02 1.947585768953258230e+04
7.300000000000000000e+01 3.702934273874968017e-03 1.949293235475114852e+04
1.450000000000000000e+02 6.545368016856291085e-06 1.949223095769003703e+04
2.890000000000000000e+02 2.631587151249825950e-12 1.949222968185996069e+04
5.770000000000000000e+02 0.000000000000000000e+00 1.949222968185944046e+04
1.153000000000000000e+03 1.866373866134679548e-14 1.949222968185942591e+04
2.305000000000000000e+03 0.000000000000000000e+00 1.949222968185943682e+04
4.609000000000000000e+03 0.000000000000000000e+00 1.949222968185941863e+04
9.217000000000000000e+03 0.000000000000000000e+00 1.949222968185942591e+04
1.843300000000000000e+04 5.599121598404085659e-14 1.949222968185926220e+04
3.686500000000000000e+04 7.465495464538684112e-14 1.949222968185951322e+04
7.372900000000000000e+04 1.866373866134674499e-14 1.949222968185947684e+04
1.474570000000000000e+05 5.599121598403975219e-14 1.949222968185964419e+04
2.949130000000000000e+05 3.172835572429086719e-13 1.949222968185861828e+04
5.898250000000000000e+05 1.866373866134741394e-14 1.949222968185877835e+04
