# Gamma,Appellian
3.700000000000000000e+01 5.140313357359075491e-02 1.790373238288721404e+04
7.300000000000000000e+01 3.388377206081192184e-03 1.792265205527012949e+04
1.450000000000000000e+02 6.209409568222663132e-06 1.792206257388141967e+04
2.890000000000000000e+02 2.517061851730396852e-12 1.792206146103440551e+04
5.770000000000000000e+02 0.000000000000000000e+00 1.792206146103392530e+04
1.153000000000000000e+03 0.000000000000000000e+00 1.792206146103395440e+04
2.305000000000000000e+03 2.029888590105206704e-14 1.792206146103397987e+04
4.609000000000000000e+03 4.059777180210441177e-14 1.792206146103385981e+04
9.217000000000000000e+03 4.059777180210457585e-14 1.792206146103378705e+04
1.843300000000000000e+04 8.119554360420809147e-14 1.792206146103401989e+04
3.686500000000000000e+04 2.029888590105196923e-14 1.792206146103406718e+04
7.372900000000000000e+04 6.089665770315662081e-14 1.792206146103385618e+04
1.474570000000000000e+05 6.089665770315711306e-14 1.792206146103371066e+04
2.949130000000000000e+05 8.119554360420841964e-14 1.792206146103394713e+04
5.898250000000000000e+05 3.856788321199666714e-13 1.792206146103503124e+04
