# Gamma,Appellian
3.700000000000000000e+01 4.300840754623180134e-02 1.829024270537273696e+04
7.300000000000000000e+01 3.655220794243564837e-03 1.830881669029416662e+04
1.450000000000000000e+02 6.531245192974807727e-06 1.830816659463936230e+04
2.890000000000000000e+02 2.642816310652178005e-12 1.830816539889584601e+04
5.770000000000000000e+02 0.000000000000000000e+00 1.830816539889534397e+04
1.153000000000000000e+03 0.000000000000000000e+00 1.830816539889534397e+04
2.305000000000000000e+03 1.987079932821235076e-14 1.830816539889539854e+04
4.609000000000000000e+03 1.987079932821238546e-14 1.830816539889536580e+04
9.217000000000000000e+03 1.987079932821248013e-14 1.830816539889527849e+04
1.843300000000000000e+04 3.974159865642470151e-14 1.830816539889539854e+04
3.686500000000000000e+04 3.974159865642492870e-14 1.830816539889529304e+04
7.372900000000000000e+04 1.987079932821237915e-14 1.830816539889537307e+04
1.474570000000000000e+05 3.974159865642511172e-14 1.830816539889520936e+04
2.949130000000000000e+05 2.185787926103451195e-13 1.830816539889462365e+04
5.898250000000000000e+05 2.185787926103516576e-13 1.830816539889407431e+04
