# Gamma,Appellian
3.700000000000000000e+01 4.872792432715968881e-03 2.913623096767178868e+04
7.300000000000000000e+01 6.463892225103716265e-05 2.913511254157791336e+04
1.450000000000000000e+02 2.091253581257775182e-10 2.913509370993000630e+04
2.890000000000000000e+02 1.248658694328964759e-14 2.913509370986905924e+04
5.770000000000000000e+02 1.248658694328963023e-14 2.913509370986909926e+04
1.153000000000000000e+03 1.248658694328964443e-14 2.913509370986906288e+04
2.305000000000000000e+03 2.497317388657937721e-14 2.913509370986896101e+04
4.609000000000000000e+03 1.248658694328964285e-14 2.913509370986906652e+04
9.217000000000000000e+03 3.745976082986870136e-14 2.913509370986924478e+04
1.843300000000000000e+04 3.745976082986891593e-14 2.913509370986907379e+04
3.686500000000000000e+04 4.994634777315814858e-14 2.913509370986931390e+04
7.372900000000000000e+04 4.994634777315855248e-14 2.913509370986907743e+04
1.474570000000000000e+05 1.498390433194792483e-13 2.913509370986838258e+04
2.949130000000000000e+05 3.371378474688093887e-13 2.913509370987001239e+04
5.898250000000000000e+05 1.248658694328951916e-13 2.913509370986935392e+04
