# Gamma,Appellian
3.700000000000000000e+01 7.142857136786842531e+00 8.619620492181679688e+12
7.300000000000000000e+01 7.142857134097859273e+00 4.309810248665396484e+12
1.450000000000000000e+02 7.142857115916742217e+00 2.154905128491227051e+12
2.890000000000000000e+02 7.142856701968764987e+00 1.077452599444074219e+12
5.770000000000000000e+02 7.142835498619493073e+00 5.387271681438350830e+11
1.153000000000000000e+03 7.141623863923424409e+00 2.693883362353545837e+11
2.305000000000000000e+03 7.081625799158166146e+00 1.353112526796950989e+11
4.609000000000000000e+03 5.582975433055718639e+00 7.653056604314668274e+10
9.217000000000000000e+03 3.353864481328093228e-01 7.668802865683070374e+10
1.843300000000000000e+04 6.082850405642430403e-01 8.524140095866946411e+10
3.686500000000000000e+04 3.302537274269289058e-02 8.517294921151914978e+10
7.372900000000000000e+04 2.556332779633293660e-05 8.514516878258370972e+10
1.474570000000000000e+05 4.820726020952101124e-12 8.514514701671081543e+10
2.949130000000000000e+05 1.057333959985649995e-12 8.514514701672102356e+10
5.898250000000000000e+05 6.451529247370793546e-13 8.514514701671145630e+10
