# C mesh points (x, y) in the format: x y
4.021148 -0.000000 0.000000
7.344411 -0.000000 1.000000
11.000000 -0.000000 2.000000
1.000000 2.154708 3.000000
1.000000 4.524887 4.000000
1.000000 7.132084 5.000000
1.000000 10.000000 6.000000
4.021148 2.154708 7.000000
4.021148 4.524887 8.000000
4.021148 7.132084 9.000000
4.021148 10.000000 10.000000
7.344411 2.154708 11.000000
7.344411 4.524887 12.000000
7.344411 7.132084 13.000000
7.344411 10.000000 14.000000
11.000000 2.154708 15.000000
11.000000 4.524887 16.000000
11.000000 7.132084 17.000000
11.000000 10.000000 18.000000
1.000000 -2.154708 19.000000
1.000000 -4.524887 20.000000
1.000000 -7.132084 21.000000
1.000000 -10.000000 22.000000
4.021148 -2.154708 23.000000
4.021148 -4.524887 24.000000
4.021148 -7.132084 25.000000
4.021148 -10.000000 26.000000
7.344411 -2.154708 27.000000
7.344411 -4.524887 28.000000
7.344411 -7.132084 29.000000
7.344411 -10.000000 30.000000
11.000000 -2.154708 31.000000
11.000000 -4.524887 32.000000
11.000000 -7.132084 33.000000
11.000000 -10.000000 34.000000
1.000000 -0.000000 35.000000
-0.266506 -1.743195 36.000000
-1.659662 -3.660710 37.000000
-3.192134 -5.769977 38.000000
-4.877853 -8.090170 39.000000
0.000000 -0.074586 40.000000
-2.049249 -0.740427 41.000000
-4.303423 -1.472853 42.000000
-6.783015 -2.278521 43.000000
-9.510565 -3.164756 44.000000
0.000000 0.074586 45.000000
-2.049249 0.740427 46.000000
-4.303423 1.472853 47.000000
-6.783015 2.278521 48.000000
-9.510565 3.164756 49.000000
1.000000 0.000000 50.000000
-0.266506 1.743195 51.000000
-1.659662 3.660710 52.000000
-3.192134 5.769977 53.000000
-4.877853 8.090170 54.000000
