# C mesh points (x, y) in the format: x y
3.154708 -0.000000 0.000000
5.524887 -0.000000 1.000000
8.132084 -0.000000 2.000000
11.000000 -0.000000 3.000000
1.000000 1.637975 4.000000
1.000000 3.439747 5.000000
1.000000 5.421697 6.000000
1.000000 7.601841 7.000000
1.000000 10.000000 8.000000
3.154708 1.637975 9.000000
3.154708 3.439747 10.000000
3.154708 5.421697 11.000000
3.154708 7.601841 12.000000
3.154708 10.000000 13.000000
5.524887 1.637975 14.000000
5.524887 3.439747 15.000000
5.524887 5.421697 16.000000
5.524887 7.601841 17.000000
5.524887 10.000000 18.000000
8.132084 1.637975 19.000000
8.132084 3.439747 20.000000
8.132084 5.421697 21.000000
8.132084 7.601841 22.000000
8.132084 10.000000 23.000000
11.000000 1.637975 24.000000
11.000000 3.439747 25.000000
11.000000 5.421697 26.000000
11.000000 7.601841 27.000000
11.000000 10.000000 28.000000
1.000000 -1.637975 29.000000
1.000000 -3.439747 30.000000
1.000000 -5.421697 31.000000
1.000000 -7.601841 32.000000
1.000000 -10.000000 33.000000
3.154708 -1.637975 34.000000
3.154708 -3.439747 35.000000
3.154708 -5.421697 36.000000
3.154708 -7.601841 37.000000
3.154708 -10.000000 38.000000
5.524887 -1.637975 39.000000
5.524887 -3.439747 40.000000
5.524887 -5.421697 41.000000
5.524887 -7.601841 42.000000
5.524887 -10.000000 43.000000
8.132084 -1.637975 44.000000
8.132084 -3.439747 45.000000
8.132084 -5.421697 46.000000
8.132084 -7.601841 47.000000
8.132084 -10.000000 48.000000
11.000000 -1.637975 49.000000
11.000000 -3.439747 50.000000
11.000000 -5.421697 51.000000
11.000000 -7.601841 52.000000
11.000000 -10.000000 53.000000
1.000000 -0.000000 54.000000
0.680447 -1.606502 55.000000
0.328939 -3.373653 56.000000
-0.057721 -5.317520 57.000000
-0.483046 -7.455774 58.000000
-0.950903 -9.807853 59.000000
0.954816 -0.001697 60.000000
0.327990 -1.514989 61.000000
-0.361518 -3.179609 62.000000
-1.119978 -5.010692 63.000000
-1.954283 -7.024883 64.000000
-2.872019 -9.240493 65.000000
0.830308 -0.011533 66.000000
-0.079702 -1.373459 67.000000
-1.080713 -2.871578 68.000000
-2.181825 -4.519509 69.000000
-3.393049 -6.332233 70.000000
-4.725394 -8.326229 71.000000
0.654127 -0.029785 72.000000
-0.504096 -1.188008 73.000000
-1.778142 -2.462053 74.000000
-3.179592 -3.863503 75.000000
-4.721187 -5.405098 76.000000
-6.416941 -7.100853 77.000000
0.459379 -0.048656 78.000000
-0.902547 -0.958666 79.000000
-2.400666 -1.959677 80.000000
-4.048597 -3.060789 81.000000
-5.861321 -4.272013 82.000000
-7.855317 -5.604358 83.000000
0.276204 -0.058179 84.000000
-1.237088 -0.685005 85.000000
-2.901708 -1.374513 86.000000
-4.732791 -2.132973 87.000000
-6.746982 -2.967278 88.000000
-8.962592 -3.885014 89.000000
0.128413 -0.052149 90.000000
-1.478089 -0.371702 91.000000
-3.245240 -0.723210 92.000000
-5.189107 -1.109869 93.000000
-7.327361 -1.535194 94.000000
-9.679440 -2.003052 95.000000
0.032954 -0.030750 96.000000
-1.605021 -0.030750 97.000000
-3.406793 -0.030750 98.000000
-5.388743 -0.030750 99.000000
-7.568887 -0.030750 100.000000
-9.967046 -0.030750 101.000000
0.000000 0.000000 102.000000
-1.606502 0.319553 103.000000
-3.373653 0.671061 104.000000
-5.317520 1.057721 105.000000
-7.455774 1.483046 106.000000
-9.807853 1.950903 107.000000
0.042928 0.034570 108.000000
-1.470363 0.661396 109.000000
-3.134984 1.350904 110.000000
-4.966066 2.109363 111.000000
-6.980257 2.943669 112.000000
-9.195867 3.861404 113.000000
0.165912 0.055572 114.000000
-1.196014 0.965582 115.000000
-2.694133 1.966593 116.000000
-4.342064 3.067705 117.000000
-6.154787 4.278929 118.000000
-8.148784 5.611274 119.000000
0.351605 0.055775 120.000000
-0.806618 1.213999 121.000000
-2.080663 2.488044 122.000000
-3.482113 3.889494 123.000000
-5.023708 5.431089 124.000000
-6.719462 7.126843 125.000000
0.571053 0.038406 126.000000
-0.338957 1.400333 127.000000
-1.339968 2.898452 128.000000
-2.441080 4.546382 129.000000
-3.652303 6.359106 130.000000
-4.984649 8.353103 131.000000
0.783804 0.016117 132.000000
0.156979 1.529408 133.000000
-0.532530 3.194029 134.000000
-1.290989 5.025111 135.000000
-2.125294 7.039302 136.000000
-3.043030 9.254912 137.000000
0.941371 0.002491 138.000000
0.621818 1.608993 139.000000
0.270310 3.376145 140.000000
-0.116349 5.320012 141.000000
-0.541674 7.458265 142.000000
-1.009532 9.810344 143.000000
