# C mesh points (x, y) in the format: x y
1.000000 0.000000
2.637975 0.000000
4.439747 0.000000
6.421697 0.000000
8.601841 0.000000
11.000000 0.000000
1.000000 1.296074
2.637975 1.296074
4.439747 1.296074
6.421697 1.296074
8.601841 1.296074
11.000000 1.296074
1.000000 2.721755
2.637975 2.721755
4.439747 2.721755
6.421697 2.721755
8.601841 2.721755
11.000000 2.721755
1.000000 4.290004
2.637975 4.290004
4.439747 4.290004
6.421697 4.290004
8.601841 4.290004
11.000000 4.290004
1.000000 6.015079
2.637975 6.015079
4.439747 6.015079
6.421697 6.015079
8.601841 6.015079
11.000000 6.015079
1.000000 7.912660
2.637975 7.912660
4.439747 7.912660
6.421697 7.912660
8.601841 7.912660
11.000000 7.912660
1.000000 10.000000
2.637975 10.000000
4.439747 10.000000
6.421697 10.000000
8.601841 10.000000
11.000000 10.000000
1.000000 -1.296074
2.637975 -1.296074
4.439747 -1.296074
6.421697 -1.296074
8.601841 -1.296074
11.000000 -1.296074
1.000000 -2.721755
2.637975 -2.721755
4.439747 -2.721755
6.421697 -2.721755
8.601841 -2.721755
11.000000 -2.721755
1.000000 -4.290004
2.637975 -4.290004
4.439747 -4.290004
6.421697 -4.290004
8.601841 -4.290004
11.000000 -4.290004
1.000000 -6.015079
2.637975 -6.015079
4.439747 -6.015079
6.421697 -6.015079
8.601841 -6.015079
11.000000 -6.015079
1.000000 -7.912660
2.637975 -7.912660
4.439747 -7.912660
6.421697 -7.912660
8.601841 -7.912660
11.000000 -7.912660
1.000000 -10.000000
2.637975 -10.000000
4.439747 -10.000000
6.421697 -10.000000
8.601841 -10.000000
11.000000 -10.000000
0.407762 -1.152849
-0.399872 -0.722564
-1.083366 -0.046015
-1.083366 0.046015
-0.399872 0.722564
0.407762 1.152849
-0.243700 -2.420983
-1.559691 -1.472893
-2.380110 -0.046015
-2.380110 0.046015
-1.559691 1.472893
-0.243700 2.420983
-0.960308 -3.815931
-2.835492 -2.298255
-3.806528 -0.046015
-3.806528 0.046015
-2.835492 2.298255
-0.960308 3.815931
-1.748577 -5.350373
-4.238873 -3.206153
-5.375588 -0.046015
-5.375588 0.046015
-4.238873 3.206153
-1.748577 5.350373
-2.615673 -7.038260
-5.782592 -4.204841
-7.101554 -0.046015
-7.101554 0.046015
-5.782592 4.204841
-2.615673 7.038260
-3.569478 -8.894935
-7.480683 -5.303398
-9.000116 -0.046015
-9.000116 0.046015
-7.480683 5.303398
-3.569478 8.894935
