# C mesh points (x, y) in the format: x y
1.314738 -0.000000 0.000000
1.660949 -0.000000 1.000000
2.041782 -0.000000 2.000000
2.460698 -0.000000 3.000000
2.921506 -0.000000 4.000000
3.428394 -0.000000 5.000000
3.985971 -0.000000 6.000000
4.599306 -0.000000 7.000000
5.273974 -0.000000 8.000000
6.016109 -0.000000 9.000000
6.832458 -0.000000 10.000000
7.730442 -0.000000 11.000000
8.718224 -0.000000 12.000000
9.804784 -0.000000 13.000000
11.000000 -0.000000 14.000000
1.000000 0.278166 15.000000
1.000000 0.584149 16.000000
1.000000 0.920730 17.000000
1.000000 1.290969 18.000000
1.000000 1.698233 19.000000
1.000000 2.146222 20.000000
1.000000 2.639010 21.000000
1.000000 3.181078 22.000000
1.000000 3.777352 23.000000
1.000000 4.433253 24.000000
1.000000 5.154744 25.000000
1.000000 5.948385 26.000000
1.000000 6.821390 27.000000
1.000000 7.781695 28.000000
1.000000 8.838031 29.000000
1.000000 10.000000 30.000000
1.314738 0.278166 31.000000
1.314738 0.584149 32.000000
1.314738 0.920730 33.000000
1.314738 1.290969 34.000000
1.314738 1.698233 35.000000
1.314738 2.146222 36.000000
1.314738 2.639010 37.000000
1.314738 3.181078 38.000000
1.314738 3.777352 39.000000
1.314738 4.433253 40.000000
1.314738 5.154744 41.000000
1.314738 5.948385 42.000000
1.314738 6.821390 43.000000
1.314738 7.781695 44.000000
1.314738 8.838031 45.000000
1.314738 10.000000 46.000000
1.660949 0.278166 47.000000
1.660949 0.584149 48.000000
1.660949 0.920730 49.000000
1.660949 1.290969 50.000000
1.660949 1.698233 51.000000
1.660949 2.146222 52.000000
1.660949 2.639010 53.000000
1.660949 3.181078 54.000000
1.660949 3.777352 55.000000
1.660949 4.433253 56.000000
1.660949 5.154744 57.000000
1.660949 5.948385 58.000000
1.660949 6.821390 59.000000
1.660949 7.781695 60.000000
1.660949 8.838031 61.000000
1.660949 10.000000 62.000000
2.041782 0.278166 63.000000
2.041782 0.584149 64.000000
2.041782 0.920730 65.000000
2.041782 1.290969 66.000000
2.041782 1.698233 67.000000
2.041782 2.146222 68.000000
2.041782 2.639010 69.000000
2.041782 3.181078 70.000000
2.041782 3.777352 71.000000
2.041782 4.433253 72.000000
2.041782 5.154744 73.000000
2.041782 5.948385 74.000000
2.041782 6.821390 75.000000
2.041782 7.781695 76.000000
2.041782 8.838031 77.000000
2.041782 10.000000 78.000000
2.460698 0.278166 79.000000
2.460698 0.584149 80.000000
2.460698 0.920730 81.000000
2.460698 1.290969 82.000000
2.460698 1.698233 83.000000
2.460698 2.146222 84.000000
2.460698 2.639010 85.000000
2.460698 3.181078 86.000000
2.460698 3.777352 87.000000
2.460698 4.433253 88.000000
2.460698 5.154744 89.000000
2.460698 5.948385 90.000000
2.460698 6.821390 91.000000
2.460698 7.781695 92.000000
2.460698 8.838031 93.000000
2.460698 10.000000 94.000000
2.921506 0.278166 95.000000
2.921506 0.584149 96.000000
2.921506 0.920730 97.000000
2.921506 1.290969 98.000000
2.921506 1.698233 99.000000
2.921506 2.146222 100.000000
2.921506 2.639010 101.000000
2.921506 3.181078 102.000000
2.921506 3.777352 103.000000
2.921506 4.433253 104.000000
2.921506 5.154744 105.000000
2.921506 5.948385 106.000000
2.921506 6.821390 107.000000
2.921506 7.781695 108.000000
2.921506 8.838031 109.000000
2.921506 10.000000 110.000000
3.428394 0.278166 111.000000
3.428394 0.584149 112.000000
3.428394 0.920730 113.000000
3.428394 1.290969 114.000000
3.428394 1.698233 115.000000
3.428394 2.146222 116.000000
3.428394 2.639010 117.000000
3.428394 3.181078 118.000000
3.428394 3.777352 119.000000
3.428394 4.433253 120.000000
3.428394 5.154744 121.000000
3.428394 5.948385 122.000000
3.428394 6.821390 123.000000
3.428394 7.781695 124.000000
3.428394 8.838031 125.000000
3.428394 10.000000 126.000000
3.985971 0.278166 127.000000
3.985971 0.584149 128.000000
3.985971 0.920730 129.000000
3.985971 1.290969 130.000000
3.985971 1.698233 131.000000
3.985971 2.146222 132.000000
3.985971 2.639010 133.000000
3.985971 3.181078 134.000000
3.985971 3.777352 135.000000
3.985971 4.433253 136.000000
3.985971 5.154744 137.000000
3.985971 5.948385 138.000000
3.985971 6.821390 139.000000
3.985971 7.781695 140.000000
3.985971 8.838031 141.000000
3.985971 10.000000 142.000000
4.599306 0.278166 143.000000
4.599306 0.584149 144.000000
4.599306 0.920730 145.000000
4.599306 1.290969 146.000000
4.599306 1.698233 147.000000
4.599306 2.146222 148.000000
4.599306 2.639010 149.000000
4.599306 3.181078 150.000000
4.599306 3.777352 151.000000
4.599306 4.433253 152.000000
4.599306 5.154744 153.000000
4.599306 5.948385 154.000000
4.599306 6.821390 155.000000
4.599306 7.781695 156.000000
4.599306 8.838031 157.000000
4.599306 10.000000 158.000000
5.273974 0.278166 159.000000
5.273974 0.584149 160.000000
5.273974 0.920730 161.000000
5.273974 1.290969 162.000000
5.273974 1.698233 163.000000
5.273974 2.146222 164.000000
5.273974 2.639010 165.000000
5.273974 3.181078 166.000000
5.273974 3.777352 167.000000
5.273974 4.433253 168.000000
5.273974 5.154744 169.000000
5.273974 5.948385 170.000000
5.273974 6.821390 171.000000
5.273974 7.781695 172.000000
5.273974 8.838031 173.000000
5.273974 10.000000 174.000000
6.016109 0.278166 175.000000
6.016109 0.584149 176.000000
6.016109 0.920730 177.000000
6.016109 1.290969 178.000000
6.016109 1.698233 179.000000
6.016109 2.146222 180.000000
6.016109 2.639010 181.000000
6.016109 3.181078 182.000000
6.016109 3.777352 183.000000
6.016109 4.433253 184.000000
6.016109 5.154744 185.000000
6.016109 5.948385 186.000000
6.016109 6.821390 187.000000
6.016109 7.781695 188.000000
6.016109 8.838031 189.000000
6.016109 10.000000 190.000000
6.832458 0.278166 191.000000
6.832458 0.584149 192.000000
6.832458 0.920730 193.000000
6.832458 1.290969 194.000000
6.832458 1.698233 195.000000
6.832458 2.146222 196.000000
6.832458 2.639010 197.000000
6.832458 3.181078 198.000000
6.832458 3.777352 199.000000
6.832458 4.433253 200.000000
6.832458 5.154744 201.000000
6.832458 5.948385 202.000000
6.832458 6.821390 203.000000
6.832458 7.781695 204.000000
6.832458 8.838031 205.000000
6.832458 10.000000 206.000000
7.730442 0.278166 207.000000
7.730442 0.584149 208.000000
7.730442 0.920730 209.000000
7.730442 1.290969 210.000000
7.730442 1.698233 211.000000
7.730442 2.146222 212.000000
7.730442 2.639010 213.000000
7.730442 3.181078 214.000000
7.730442 3.777352 215.000000
7.730442 4.433253 216.000000
7.730442 5.154744 217.000000
7.730442 5.948385 218.000000
7.730442 6.821390 219.000000
7.730442 7.781695 220.000000
7.730442 8.838031 221.000000
7.730442 10.000000 222.000000
8.718224 0.278166 223.000000
8.718224 0.584149 224.000000
8.718224 0.920730 225.000000
8.718224 1.290969 226.000000
8.718224 1.698233 227.000000
8.718224 2.146222 228.000000
8.718224 2.639010 229.000000
8.718224 3.181078 230.000000
8.718224 3.777352 231.000000
8.718224 4.433253 232.000000
8.718224 5.154744 233.000000
8.718224 5.948385 234.000000
8.718224 6.821390 235.000000
8.718224 7.781695 236.000000
8.718224 8.838031 237.000000
8.718224 10.000000 238.000000
9.804784 0.278166 239.000000
9.804784 0.584149 240.000000
9.804784 0.920730 241.000000
9.804784 1.290969 242.000000
9.804784 1.698233 243.000000
9.804784 2.146222 244.000000
9.804784 2.639010 245.000000
9.804784 3.181078 246.000000
9.804784 3.777352 247.000000
9.804784 4.433253 248.000000
9.804784 5.154744 249.000000
9.804784 5.948385 250.000000
9.804784 6.821390 251.000000
9.804784 7.781695 252.000000
9.804784 8.838031 253.000000
9.804784 10.000000 254.000000
11.000000 0.278166 255.000000
11.000000 0.584149 256.000000
11.000000 0.920730 257.000000
11.000000 1.290969 258.000000
11.000000 1.698233 259.000000
11.000000 2.146222 260.000000
11.000000 2.639010 261.000000
11.000000 3.181078 262.000000
11.000000 3.777352 263.000000
11.000000 4.433253 264.000000
11.000000 5.154744 265.000000
11.000000 5.948385 266.000000
11.000000 6.821390 267.000000
11.000000 7.781695 268.000000
11.000000 8.838031 269.000000
11.000000 10.000000 270.000000
1.000000 -0.278166 271.000000
1.000000 -0.584149 272.000000
1.000000 -0.920730 273.000000
1.000000 -1.290969 274.000000
1.000000 -1.698233 275.000000
1.000000 -2.146222 276.000000
1.000000 -2.639010 277.000000
1.000000 -3.181078 278.000000
1.000000 -3.777352 279.000000
1.000000 -4.433253 280.000000
1.000000 -5.154744 281.000000
1.000000 -5.948385 282.000000
1.000000 -6.821390 283.000000
1.000000 -7.781695 284.000000
1.000000 -8.838031 285.000000
1.000000 -10.000000 286.000000
1.314738 -0.278166 287.000000
1.314738 -0.584149 288.000000
1.314738 -0.920730 289.000000
1.314738 -1.290969 290.000000
1.314738 -1.698233 291.000000
1.314738 -2.146222 292.000000
1.314738 -2.639010 293.000000
1.314738 -3.181078 294.000000
1.314738 -3.777352 295.000000
1.314738 -4.433253 296.000000
1.314738 -5.154744 297.000000
1.314738 -5.948385 298.000000
1.314738 -6.821390 299.000000
1.314738 -7.781695 300.000000
1.314738 -8.838031 301.000000
1.314738 -10.000000 302.000000
1.660949 -0.278166 303.000000
1.660949 -0.584149 304.000000
1.660949 -0.920730 305.000000
1.660949 -1.290969 306.000000
1.660949 -1.698233 307.000000
1.660949 -2.146222 308.000000
1.660949 -2.639010 309.000000
1.660949 -3.181078 310.000000
1.660949 -3.777352 311.000000
1.660949 -4.433253 312.000000
1.660949 -5.154744 313.000000
1.660949 -5.948385 314.000000
1.660949 -6.821390 315.000000
1.660949 -7.781695 316.000000
1.660949 -8.838031 317.000000
1.660949 -10.000000 318.000000
2.041782 -0.278166 319.000000
2.041782 -0.584149 320.000000
2.041782 -0.920730 321.000000
2.041782 -1.290969 322.000000
2.041782 -1.698233 323.000000
2.041782 -2.146222 324.000000
2.041782 -2.639010 325.000000
2.041782 -3.181078 326.000000
2.041782 -3.777352 327.000000
2.041782 -4.433253 328.000000
2.041782 -5.154744 329.000000
2.041782 -5.948385 330.000000
2.041782 -6.821390 331.000000
2.041782 -7.781695 332.000000
2.041782 -8.838031 333.000000
2.041782 -10.000000 334.000000
2.460698 -0.278166 335.000000
2.460698 -0.584149 336.000000
2.460698 -0.920730 337.000000
2.460698 -1.290969 338.000000
2.460698 -1.698233 339.000000
2.460698 -2.146222 340.000000
2.460698 -2.639010 341.000000
2.460698 -3.181078 342.000000
2.460698 -3.777352 343.000000
2.460698 -4.433253 344.000000
2.460698 -5.154744 345.000000
2.460698 -5.948385 346.000000
2.460698 -6.821390 347.000000
2.460698 -7.781695 348.000000
2.460698 -8.838031 349.000000
2.460698 -10.000000 350.000000
2.921506 -0.278166 351.000000
2.921506 -0.584149 352.000000
2.921506 -0.920730 353.000000
2.921506 -1.290969 354.000000
2.921506 -1.698233 355.000000
2.921506 -2.146222 356.000000
2.921506 -2.639010 357.000000
2.921506 -3.181078 358.000000
2.921506 -3.777352 359.000000
2.921506 -4.433253 360.000000
2.921506 -5.154744 361.000000
2.921506 -5.948385 362.000000
2.921506 -6.821390 363.000000
2.921506 -7.781695 364.000000
2.921506 -8.838031 365.000000
2.921506 -10.000000 366.000000
3.428394 -0.278166 367.000000
3.428394 -0.584149 368.000000
3.428394 -0.920730 369.000000
3.428394 -1.290969 370.000000
3.428394 -1.698233 371.000000
3.428394 -2.146222 372.000000
3.428394 -2.639010 373.000000
3.428394 -3.181078 374.000000
3.428394 -3.777352 375.000000
3.428394 -4.433253 376.000000
3.428394 -5.154744 377.000000
3.428394 -5.948385 378.000000
3.428394 -6.821390 379.000000
3.428394 -7.781695 380.000000
3.428394 -8.838031 381.000000
3.428394 -10.000000 382.000000
3.985971 -0.278166 383.000000
3.985971 -0.584149 384.000000
3.985971 -0.920730 385.000000
3.985971 -1.290969 386.000000
3.985971 -1.698233 387.000000
3.985971 -2.146222 388.000000
3.985971 -2.639010 389.000000
3.985971 -3.181078 390.000000
3.985971 -3.777352 391.000000
3.985971 -4.433253 392.000000
3.985971 -5.154744 393.000000
3.985971 -5.948385 394.000000
3.985971 -6.821390 395.000000
3.985971 -7.781695 396.000000
3.985971 -8.838031 397.000000
3.985971 -10.000000 398.000000
4.599306 -0.278166 399.000000
4.599306 -0.584149 400.000000
4.599306 -0.920730 401.000000
4.599306 -1.290969 402.000000
4.599306 -1.698233 403.000000
4.599306 -2.146222 404.000000
4.599306 -2.639010 405.000000
4.599306 -3.181078 406.000000
4.599306 -3.777352 407.000000
4.599306 -4.433253 408.000000
4.599306 -5.154744 409.000000
4.599306 -5.948385 410.000000
4.599306 -6.821390 411.000000
4.599306 -7.781695 412.000000
4.599306 -8.838031 413.000000
4.599306 -10.000000 414.000000
5.273974 -0.278166 415.000000
5.273974 -0.584149 416.000000
5.273974 -0.920730 417.000000
5.273974 -1.290969 418.000000
5.273974 -1.698233 419.000000
5.273974 -2.146222 420.000000
5.273974 -2.639010 421.000000
5.273974 -3.181078 422.000000
5.273974 -3.777352 423.000000
5.273974 -4.433253 424.000000
5.273974 -5.154744 425.000000
5.273974 -5.948385 426.000000
5.273974 -6.821390 427.000000
5.273974 -7.781695 428.000000
5.273974 -8.838031 429.000000
5.273974 -10.000000 430.000000
6.016109 -0.278166 431.000000
6.016109 -0.584149 432.000000
6.016109 -0.920730 433.000000
6.016109 -1.290969 434.000000
6.016109 -1.698233 435.000000
6.016109 -2.146222 436.000000
6.016109 -2.639010 437.000000
6.016109 -3.181078 438.000000
6.016109 -3.777352 439.000000
6.016109 -4.433253 440.000000
6.016109 -5.154744 441.000000
6.016109 -5.948385 442.000000
6.016109 -6.821390 443.000000
6.016109 -7.781695 444.000000
6.016109 -8.838031 445.000000
6.016109 -10.000000 446.000000
6.832458 -0.278166 447.000000
6.832458 -0.584149 448.000000
6.832458 -0.920730 449.000000
6.832458 -1.290969 450.000000
6.832458 -1.698233 451.000000
6.832458 -2.146222 452.000000
6.832458 -2.639010 453.000000
6.832458 -3.181078 454.000000
6.832458 -3.777352 455.000000
6.832458 -4.433253 456.000000
6.832458 -5.154744 457.000000
6.832458 -5.948385 458.000000
6.832458 -6.821390 459.000000
6.832458 -7.781695 460.000000
6.832458 -8.838031 461.000000
6.832458 -10.000000 462.000000
7.730442 -0.278166 463.000000
7.730442 -0.584149 464.000000
7.730442 -0.920730 465.000000
7.730442 -1.290969 466.000000
7.730442 -1.698233 467.000000
7.730442 -2.146222 468.000000
7.730442 -2.639010 469.000000
7.730442 -3.181078 470.000000
7.730442 -3.777352 471.000000
7.730442 -4.433253 472.000000
7.730442 -5.154744 473.000000
7.730442 -5.948385 474.000000
7.730442 -6.821390 475.000000
7.730442 -7.781695 476.000000
7.730442 -8.838031 477.000000
7.730442 -10.000000 478.000000
8.718224 -0.278166 479.000000
8.718224 -0.584149 480.000000
8.718224 -0.920730 481.000000
8.718224 -1.290969 482.000000
8.718224 -1.698233 483.000000
8.718224 -2.146222 484.000000
8.718224 -2.639010 485.000000
8.718224 -3.181078 486.000000
8.718224 -3.777352 487.000000
8.718224 -4.433253 488.000000
8.718224 -5.154744 489.000000
8.718224 -5.948385 490.000000
8.718224 -6.821390 491.000000
8.718224 -7.781695 492.000000
8.718224 -8.838031 493.000000
8.718224 -10.000000 494.000000
9.804784 -0.278166 495.000000
9.804784 -0.584149 496.000000
9.804784 -0.920730 497.000000
9.804784 -1.290969 498.000000
9.804784 -1.698233 499.000000
9.804784 -2.146222 500.000000
9.804784 -2.639010 501.000000
9.804784 -3.181078 502.000000
9.804784 -3.777352 503.000000
9.804784 -4.433253 504.000000
9.804784 -5.154744 505.000000
9.804784 -5.948385 506.000000
9.804784 -6.821390 507.000000
9.804784 -7.781695 508.000000
9.804784 -8.838031 509.000000
9.804784 -10.000000 510.000000
11.000000 -0.278166 511.000000
11.000000 -0.584149 512.000000
11.000000 -0.920730 513.000000
11.000000 -1.290969 514.000000
11.000000 -1.698233 515.000000
11.000000 -2.146222 516.000000
11.000000 -2.639010 517.000000
11.000000 -3.181078 518.000000
11.000000 -3.777352 519.000000
11.000000 -4.433253 520.000000
11.000000 -5.154744 521.000000
11.000000 -5.948385 522.000000
11.000000 -6.821390 523.000000
11.000000 -7.781695 524.000000
11.000000 -8.838031 525.000000
11.000000 -10.000000 526.000000
1.000000 -0.000000 527.000000
0.956904 -0.311773 528.000000
0.909499 -0.654724 529.000000
0.857354 -1.031970 530.000000
0.799994 -1.446940 531.000000
0.736897 -1.903408 532.000000
0.667492 -2.405522 533.000000
0.591145 -2.957847 534.000000
0.507164 -3.565405 535.000000
0.414785 -4.233719 536.000000
0.313168 -4.968865 537.000000
0.201389 -5.777524 538.000000
0.078433 -6.667050 539.000000
-0.056820 -7.645529 540.000000
-0.205597 -8.721855 541.000000
-0.369252 -9.905814 542.000000
0.948255 -0.002064 543.000000
0.858723 -0.303799 544.000000
0.760237 -0.635707 545.000000
0.651903 -1.000806 546.000000
0.532736 -1.402415 547.000000
0.401652 -1.844185 548.000000
0.257460 -2.330132 549.000000
0.098848 -2.864673 550.000000
-0.075625 -3.452669 551.000000
-0.267545 -4.099464 552.000000
-0.478657 -4.810939 553.000000
-0.710880 -5.593561 554.000000
-0.966326 -6.454445 555.000000
-1.247316 -7.401418 556.000000
-1.556405 -8.443089 557.000000
-1.896403 -9.588926 558.000000
0.807270 -0.013716 559.000000
0.669053 -0.296481 560.000000
0.517015 -0.607523 561.000000
0.349773 -0.949668 562.000000
0.165807 -1.326029 563.000000
-0.036556 -1.740025 564.000000
-0.259156 -2.195420 565.000000
-0.504015 -2.696356 566.000000
-0.773360 -3.247385 567.000000
-1.069640 -3.853517 568.000000
-1.395547 -4.520261 569.000000
-1.754046 -5.253681 570.000000
-2.148394 -6.060442 571.000000
-2.582177 -6.947880 572.000000
-3.059339 -7.924061 573.000000
-3.584216 -8.997861 574.000000
0.611961 -0.034164 575.000000
0.424640 -0.287088 576.000000
0.218586 -0.565305 577.000000
-0.008073 -0.871343 578.000000
-0.257397 -1.207985 579.000000
-0.531654 -1.578291 580.000000
-0.833337 -1.985628 581.000000
-1.165188 -2.433698 582.000000
-1.530225 -2.926576 583.000000
-1.931765 -3.468741 584.000000
-2.373458 -4.065123 585.000000
-2.859322 -4.721142 586.000000
-3.393771 -5.442764 587.000000
-3.981666 -6.236548 588.000000
-4.628350 -7.109711 589.000000
-5.339702 -8.070190 590.000000
0.402661 -0.052968 591.000000
0.168593 -0.263377 592.000000
-0.088882 -0.494827 593.000000
-0.372104 -0.749422 594.000000
-0.683649 -1.029477 595.000000
-1.026348 -1.337537 596.000000
-1.403317 -1.676403 597.000000
-1.817983 -2.049155 598.000000
-2.274115 -2.459183 599.000000
-2.775861 -2.910214 600.000000
-3.327781 -3.406347 601.000000
-3.934893 -3.952095 602.000000
-4.602717 -4.552416 603.000000
-5.337323 -5.212770 604.000000
-6.145389 -5.939160 605.000000
-7.034262 -6.738188 606.000000
0.214624 -0.058578 607.000000
-0.059907 -0.212502 608.000000
-0.361891 -0.381818 609.000000
-0.694074 -0.568066 610.000000
-1.059475 -0.772939 611.000000
-1.461415 -0.998299 612.000000
-1.903551 -1.246195 613.000000
-2.389899 -1.518880 614.000000
-2.924882 -1.818834 615.000000
-3.513364 -2.148784 616.000000
-4.160694 -2.511728 617.000000
-4.872757 -2.910967 618.000000
-5.656026 -3.350130 619.000000
-6.517622 -3.833209 620.000000
-7.465378 -4.364596 621.000000
-8.507909 -4.949121 622.000000
0.074500 -0.045637 623.000000
-0.229030 -0.128880 624.000000
-0.562913 -0.220448 625.000000
-0.930184 -0.321172 626.000000
-1.334182 -0.431969 627.000000
-1.778581 -0.553845 628.000000
-2.267419 -0.687909 629.000000
-2.805140 -0.835380 630.000000
-3.396634 -0.997598 631.000000
-4.047278 -1.176037 632.000000
-4.762985 -1.372320 633.000000
-5.550264 -1.588232 634.000000
-6.416270 -1.825735 635.000000
-7.368877 -2.086988 636.000000
-8.416745 -2.374366 637.000000
-9.569399 -2.690482 638.000000
0.000000 -0.017198 639.000000
-0.314738 -0.017198 640.000000
-0.660949 -0.017198 641.000000
-1.041782 -0.017198 642.000000
-1.460698 -0.017198 643.000000
-1.921506 -0.017198 644.000000
-2.428394 -0.017198 645.000000
-2.985971 -0.017198 646.000000
-3.599306 -0.017198 647.000000
-4.273974 -0.017198 648.000000
-5.016109 -0.017198 649.000000
-5.832458 -0.017198 650.000000
-6.730442 -0.017198 651.000000
-7.718224 -0.017198 652.000000
-8.804784 -0.017198 653.000000
-10.000000 -0.017198 654.000000
0.000000 0.017198 655.000000
-0.303530 0.100441 656.000000
-0.637413 0.192009 657.000000
-1.004684 0.292733 658.000000
-1.408682 0.403530 659.000000
-1.853081 0.525407 660.000000
-2.341919 0.659471 661.000000
-2.879640 0.806941 662.000000
-3.471134 0.969159 663.000000
-4.121778 1.147598 664.000000
-4.837485 1.343882 665.000000
-5.624764 1.559793 666.000000
-6.490770 1.797296 667.000000
-7.443377 2.058549 668.000000
-8.491245 2.345928 669.000000
-9.643899 2.662044 670.000000
0.074500 0.045637 671.000000
-0.200031 0.199561 672.000000
-0.502015 0.368877 673.000000
-0.834198 0.555125 674.000000
-1.199599 0.759997 675.000000
-1.601540 0.985357 676.000000
-2.043675 1.233253 677.000000
-2.530023 1.505939 678.000000
-3.065007 1.805893 679.000000
-3.653488 2.135842 680.000000
-4.300818 2.498787 681.000000
-5.012881 2.898026 682.000000
-5.796150 3.337189 683.000000
-6.657746 3.820268 684.000000
-7.605502 4.351655 685.000000
-8.648033 4.936180 686.000000
0.214624 0.058578 687.000000
-0.019444 0.268987 688.000000
-0.276919 0.500437 689.000000
-0.560141 0.755032 690.000000
-0.871686 1.035087 691.000000
-1.214385 1.343147 692.000000
-1.591354 1.682013 693.000000
-2.006020 2.054765 694.000000
-2.462152 2.464793 695.000000
-2.963898 2.915824 696.000000
-3.515818 3.411958 697.000000
-4.122930 3.957705 698.000000
-4.790754 4.558027 699.000000
-5.525360 5.218381 700.000000
-6.333426 5.944770 701.000000
-7.222299 6.743798 702.000000
0.402661 0.052968 703.000000
0.215340 0.305892 704.000000
0.009286 0.584108 705.000000
-0.217373 0.890146 706.000000
-0.466697 1.226788 707.000000
-0.740954 1.597094 708.000000
-1.042637 2.004431 709.000000
-1.374488 2.452502 710.000000
-1.739525 2.945379 711.000000
-2.141065 3.487544 712.000000
-2.582759 4.083926 713.000000
-3.068622 4.739946 714.000000
-3.603071 5.461568 715.000000
-4.190966 6.255352 716.000000
-4.837650 7.128514 717.000000
-5.549002 8.088993 718.000000
0.611961 0.034164 719.000000
0.473744 0.316929 720.000000
0.321706 0.627971 721.000000
0.154464 0.970116 722.000000
-0.029502 1.346477 723.000000
-0.231865 1.760473 724.000000
-0.454465 2.215868 725.000000
-0.699324 2.716804 726.000000
-0.968669 3.267833 727.000000
-1.264949 3.873965 728.000000
-1.590857 4.540709 729.000000
-1.949355 5.274129 730.000000
-2.343703 6.080890 731.000000
-2.777486 6.968328 732.000000
-3.254648 7.944509 733.000000
-3.779525 9.018309 734.000000
0.807270 0.013716 735.000000
0.717738 0.315451 736.000000
0.619253 0.647359 737.000000
0.510919 1.012458 738.000000
0.391752 1.414067 739.000000
0.260668 1.855837 740.000000
0.116475 2.341784 741.000000
-0.042136 2.876326 742.000000
-0.216609 3.464321 743.000000
-0.408529 4.111116 744.000000
-0.619641 4.822591 745.000000
-0.851865 5.605213 746.000000
-1.107310 6.466098 747.000000
-1.388300 7.413071 748.000000
-1.697390 8.454741 749.000000
-2.037388 9.600578 750.000000
0.948255 0.002064 751.000000
0.905159 0.313837 752.000000
0.857754 0.656788 753.000000
0.805609 1.034034 754.000000
0.748248 1.449004 755.000000
0.685152 1.905472 756.000000
0.615746 2.407586 757.000000
0.539400 2.959911 758.000000
0.455419 3.567469 759.000000
0.363040 4.235783 760.000000
0.261423 4.970929 761.000000
0.149644 5.779588 762.000000
0.026687 6.669114 763.000000
-0.108565 7.647593 764.000000
-0.257342 8.723919 765.000000
-0.420998 9.907878 766.000000
