# C mesh points (x, y) in the format: x y
1.419742 -0.000000 0.000000
1.812951 -0.000000 1.000000
2.245480 -0.000000 2.000000
2.721262 -0.000000 3.000000
3.244623 -0.000000 4.000000
3.820319 -0.000000 5.000000
4.453585 -0.000000 6.000000
5.150178 -0.000000 7.000000
5.916430 -0.000000 8.000000
6.759307 -0.000000 9.000000
7.686472 -0.000000 10.000000
8.706354 -0.000000 11.000000
9.828224 -0.000000 12.000000
11.062280 -0.000000 13.000000
1.062280 0.314738 14.000000
1.062280 0.660949 15.000000
1.062280 1.041782 16.000000
1.062280 1.460698 17.000000
1.062280 1.921506 18.000000
1.062280 2.428394 19.000000
1.062280 2.985971 20.000000
1.062280 3.599306 21.000000
1.062280 4.273974 22.000000
1.062280 5.016109 23.000000
1.062280 5.832458 24.000000
1.062280 6.730442 25.000000
1.062280 7.718224 26.000000
1.062280 8.804784 27.000000
1.062280 10.000000 28.000000
1.419742 0.314738 29.000000
1.419742 0.660949 30.000000
1.419742 1.041782 31.000000
1.419742 1.460698 32.000000
1.419742 1.921506 33.000000
1.419742 2.428394 34.000000
1.419742 2.985971 35.000000
1.419742 3.599306 36.000000
1.419742 4.273974 37.000000
1.419742 5.016109 38.000000
1.419742 5.832458 39.000000
1.419742 6.730442 40.000000
1.419742 7.718224 41.000000
1.419742 8.804784 42.000000
1.419742 10.000000 43.000000
1.812951 0.314738 44.000000
1.812951 0.660949 45.000000
1.812951 1.041782 46.000000
1.812951 1.460698 47.000000
1.812951 1.921506 48.000000
1.812951 2.428394 49.000000
1.812951 2.985971 50.000000
1.812951 3.599306 51.000000
1.812951 4.273974 52.000000
1.812951 5.016109 53.000000
1.812951 5.832458 54.000000
1.812951 6.730442 55.000000
1.812951 7.718224 56.000000
1.812951 8.804784 57.000000
1.812951 10.000000 58.000000
2.245480 0.314738 59.000000
2.245480 0.660949 60.000000
2.245480 1.041782 61.000000
2.245480 1.460698 62.000000
2.245480 1.921506 63.000000
2.245480 2.428394 64.000000
2.245480 2.985971 65.000000
2.245480 3.599306 66.000000
2.245480 4.273974 67.000000
2.245480 5.016109 68.000000
2.245480 5.832458 69.000000
2.245480 6.730442 70.000000
2.245480 7.718224 71.000000
2.245480 8.804784 72.000000
2.245480 10.000000 73.000000
2.721262 0.314738 74.000000
2.721262 0.660949 75.000000
2.721262 1.041782 76.000000
2.721262 1.460698 77.000000
2.721262 1.921506 78.000000
2.721262 2.428394 79.000000
2.721262 2.985971 80.000000
2.721262 3.599306 81.000000
2.721262 4.273974 82.000000
2.721262 5.016109 83.000000
2.721262 5.832458 84.000000
2.721262 6.730442 85.000000
2.721262 7.718224 86.000000
2.721262 8.804784 87.000000
2.721262 10.000000 88.000000
3.244623 0.314738 89.000000
3.244623 0.660949 90.000000
3.244623 1.041782 91.000000
3.244623 1.460698 92.000000
3.244623 1.921506 93.000000
3.244623 2.428394 94.000000
3.244623 2.985971 95.000000
3.244623 3.599306 96.000000
3.244623 4.273974 97.000000
3.244623 5.016109 98.000000
3.244623 5.832458 99.000000
3.244623 6.730442 100.000000
3.244623 7.718224 101.000000
3.244623 8.804784 102.000000
3.244623 10.000000 103.000000
3.820319 0.314738 104.000000
3.820319 0.660949 105.000000
3.820319 1.041782 106.000000
3.820319 1.460698 107.000000
3.820319 1.921506 108.000000
3.820319 2.428394 109.000000
3.820319 2.985971 110.000000
3.820319 3.599306 111.000000
3.820319 4.273974 112.000000
3.820319 5.016109 113.000000
3.820319 5.832458 114.000000
3.820319 6.730442 115.000000
3.820319 7.718224 116.000000
3.820319 8.804784 117.000000
3.820319 10.000000 118.000000
4.453585 0.314738 119.000000
4.453585 0.660949 120.000000
4.453585 1.041782 121.000000
4.453585 1.460698 122.000000
4.453585 1.921506 123.000000
4.453585 2.428394 124.000000
4.453585 2.985971 125.000000
4.453585 3.599306 126.000000
4.453585 4.273974 127.000000
4.453585 5.016109 128.000000
4.453585 5.832458 129.000000
4.453585 6.730442 130.000000
4.453585 7.718224 131.000000
4.453585 8.804784 132.000000
4.453585 10.000000 133.000000
5.150178 0.314738 134.000000
5.150178 0.660949 135.000000
5.150178 1.041782 136.000000
5.150178 1.460698 137.000000
5.150178 1.921506 138.000000
5.150178 2.428394 139.000000
5.150178 2.985971 140.000000
5.150178 3.599306 141.000000
5.150178 4.273974 142.000000
5.150178 5.016109 143.000000
5.150178 5.832458 144.000000
5.150178 6.730442 145.000000
5.150178 7.718224 146.000000
5.150178 8.804784 147.000000
5.150178 10.000000 148.000000
5.916430 0.314738 149.000000
5.916430 0.660949 150.000000
5.916430 1.041782 151.000000
5.916430 1.460698 152.000000
5.916430 1.921506 153.000000
5.916430 2.428394 154.000000
5.916430 2.985971 155.000000
5.916430 3.599306 156.000000
5.916430 4.273974 157.000000
5.916430 5.016109 158.000000
5.916430 5.832458 159.000000
5.916430 6.730442 160.000000
5.916430 7.718224 161.000000
5.916430 8.804784 162.000000
5.916430 10.000000 163.000000
6.759307 0.314738 164.000000
6.759307 0.660949 165.000000
6.759307 1.041782 166.000000
6.759307 1.460698 167.000000
6.759307 1.921506 168.000000
6.759307 2.428394 169.000000
6.759307 2.985971 170.000000
6.759307 3.599306 171.000000
6.759307 4.273974 172.000000
6.759307 5.016109 173.000000
6.759307 5.832458 174.000000
6.759307 6.730442 175.000000
6.759307 7.718224 176.000000
6.759307 8.804784 177.000000
6.759307 10.000000 178.000000
7.686472 0.314738 179.000000
7.686472 0.660949 180.000000
7.686472 1.041782 181.000000
7.686472 1.460698 182.000000
7.686472 1.921506 183.000000
7.686472 2.428394 184.000000
7.686472 2.985971 185.000000
7.686472 3.599306 186.000000
7.686472 4.273974 187.000000
7.686472 5.016109 188.000000
7.686472 5.832458 189.000000
7.686472 6.730442 190.000000
7.686472 7.718224 191.000000
7.686472 8.804784 192.000000
7.686472 10.000000 193.000000
8.706354 0.314738 194.000000
8.706354 0.660949 195.000000
8.706354 1.041782 196.000000
8.706354 1.460698 197.000000
8.706354 1.921506 198.000000
8.706354 2.428394 199.000000
8.706354 2.985971 200.000000
8.706354 3.599306 201.000000
8.706354 4.273974 202.000000
8.706354 5.016109 203.000000
8.706354 5.832458 204.000000
8.706354 6.730442 205.000000
8.706354 7.718224 206.000000
8.706354 8.804784 207.000000
8.706354 10.000000 208.000000
9.828224 0.314738 209.000000
9.828224 0.660949 210.000000
9.828224 1.041782 211.000000
9.828224 1.460698 212.000000
9.828224 1.921506 213.000000
9.828224 2.428394 214.000000
9.828224 2.985971 215.000000
9.828224 3.599306 216.000000
9.828224 4.273974 217.000000
9.828224 5.016109 218.000000
9.828224 5.832458 219.000000
9.828224 6.730442 220.000000
9.828224 7.718224 221.000000
9.828224 8.804784 222.000000
9.828224 10.000000 223.000000
11.062280 0.314738 224.000000
11.062280 0.660949 225.000000
11.062280 1.041782 226.000000
11.062280 1.460698 227.000000
11.062280 1.921506 228.000000
11.062280 2.428394 229.000000
11.062280 2.985971 230.000000
11.062280 3.599306 231.000000
11.062280 4.273974 232.000000
11.062280 5.016109 233.000000
11.062280 5.832458 234.000000
11.062280 6.730442 235.000000
11.062280 7.718224 236.000000
11.062280 8.804784 237.000000
11.062280 10.000000 238.000000
1.062280 -0.314738 239.000000
1.062280 -0.660949 240.000000
1.062280 -1.041782 241.000000
1.062280 -1.460698 242.000000
1.062280 -1.921506 243.000000
1.062280 -2.428394 244.000000
1.062280 -2.985971 245.000000
1.062280 -3.599306 246.000000
1.062280 -4.273974 247.000000
1.062280 -5.016109 248.000000
1.062280 -5.832458 249.000000
1.062280 -6.730442 250.000000
1.062280 -7.718224 251.000000
1.062280 -8.804784 252.000000
1.062280 -10.000000 253.000000
1.419742 -0.314738 254.000000
1.419742 -0.660949 255.000000
1.419742 -1.041782 256.000000
1.419742 -1.460698 257.000000
1.419742 -1.921506 258.000000
1.419742 -2.428394 259.000000
1.419742 -2.985971 260.000000
1.419742 -3.599306 261.000000
1.419742 -4.273974 262.000000
1.419742 -5.016109 263.000000
1.419742 -5.832458 264.000000
1.419742 -6.730442 265.000000
1.419742 -7.718224 266.000000
1.419742 -8.804784 267.000000
1.419742 -10.000000 268.000000
1.812951 -0.314738 269.000000
1.812951 -0.660949 270.000000
1.812951 -1.041782 271.000000
1.812951 -1.460698 272.000000
1.812951 -1.921506 273.000000
1.812951 -2.428394 274.000000
1.812951 -2.985971 275.000000
1.812951 -3.599306 276.000000
1.812951 -4.273974 277.000000
1.812951 -5.016109 278.000000
1.812951 -5.832458 279.000000
1.812951 -6.730442 280.000000
1.812951 -7.718224 281.000000
1.812951 -8.804784 282.000000
1.812951 -10.000000 283.000000
2.245480 -0.314738 284.000000
2.245480 -0.660949 285.000000
2.245480 -1.041782 286.000000
2.245480 -1.460698 287.000000
2.245480 -1.921506 288.000000
2.245480 -2.428394 289.000000
2.245480 -2.985971 290.000000
2.245480 -3.599306 291.000000
2.245480 -4.273974 292.000000
2.245480 -5.016109 293.000000
2.245480 -5.832458 294.000000
2.245480 -6.730442 295.000000
2.245480 -7.718224 296.000000
2.245480 -8.804784 297.000000
2.245480 -10.000000 298.000000
2.721262 -0.314738 299.000000
2.721262 -0.660949 300.000000
2.721262 -1.041782 301.000000
2.721262 -1.460698 302.000000
2.721262 -1.921506 303.000000
2.721262 -2.428394 304.000000
2.721262 -2.985971 305.000000
2.721262 -3.599306 306.000000
2.721262 -4.273974 307.000000
2.721262 -5.016109 308.000000
2.721262 -5.832458 309.000000
2.721262 -6.730442 310.000000
2.721262 -7.718224 311.000000
2.721262 -8.804784 312.000000
2.721262 -10.000000 313.000000
3.244623 -0.314738 314.000000
3.244623 -0.660949 315.000000
3.244623 -1.041782 316.000000
3.244623 -1.460698 317.000000
3.244623 -1.921506 318.000000
3.244623 -2.428394 319.000000
3.244623 -2.985971 320.000000
3.244623 -3.599306 321.000000
3.244623 -4.273974 322.000000
3.244623 -5.016109 323.000000
3.244623 -5.832458 324.000000
3.244623 -6.730442 325.000000
3.244623 -7.718224 326.000000
3.244623 -8.804784 327.000000
3.244623 -10.000000 328.000000
3.820319 -0.314738 329.000000
3.820319 -0.660949 330.000000
3.820319 -1.041782 331.000000
3.820319 -1.460698 332.000000
3.820319 -1.921506 333.000000
3.820319 -2.428394 334.000000
3.820319 -2.985971 335.000000
3.820319 -3.599306 336.000000
3.820319 -4.273974 337.000000
3.820319 -5.016109 338.000000
3.820319 -5.832458 339.000000
3.820319 -6.730442 340.000000
3.820319 -7.718224 341.000000
3.820319 -8.804784 342.000000
3.820319 -10.000000 343.000000
4.453585 -0.314738 344.000000
4.453585 -0.660949 345.000000
4.453585 -1.041782 346.000000
4.453585 -1.460698 347.000000
4.453585 -1.921506 348.000000
4.453585 -2.428394 349.000000
4.453585 -2.985971 350.000000
4.453585 -3.599306 351.000000
4.453585 -4.273974 352.000000
4.453585 -5.016109 353.000000
4.453585 -5.832458 354.000000
4.453585 -6.730442 355.000000
4.453585 -7.718224 356.000000
4.453585 -8.804784 357.000000
4.453585 -10.000000 358.000000
5.150178 -0.314738 359.000000
5.150178 -0.660949 360.000000
5.150178 -1.041782 361.000000
5.150178 -1.460698 362.000000
5.150178 -1.921506 363.000000
5.150178 -2.428394 364.000000
5.150178 -2.985971 365.000000
5.150178 -3.599306 366.000000
5.150178 -4.273974 367.000000
5.150178 -5.016109 368.000000
5.150178 -5.832458 369.000000
5.150178 -6.730442 370.000000
5.150178 -7.718224 371.000000
5.150178 -8.804784 372.000000
5.150178 -10.000000 373.000000
5.916430 -0.314738 374.000000
5.916430 -0.660949 375.000000
5.916430 -1.041782 376.000000
5.916430 -1.460698 377.000000
5.916430 -1.921506 378.000000
5.916430 -2.428394 379.000000
5.916430 -2.985971 380.000000
5.916430 -3.599306 381.000000
5.916430 -4.273974 382.000000
5.916430 -5.016109 383.000000
5.916430 -5.832458 384.000000
5.916430 -6.730442 385.000000
5.916430 -7.718224 386.000000
5.916430 -8.804784 387.000000
5.916430 -10.000000 388.000000
6.759307 -0.314738 389.000000
6.759307 -0.660949 390.000000
6.759307 -1.041782 391.000000
6.759307 -1.460698 392.000000
6.759307 -1.921506 393.000000
6.759307 -2.428394 394.000000
6.759307 -2.985971 395.000000
6.759307 -3.599306 396.000000
6.759307 -4.273974 397.000000
6.759307 -5.016109 398.000000
6.759307 -5.832458 399.000000
6.759307 -6.730442 400.000000
6.759307 -7.718224 401.000000
6.759307 -8.804784 402.000000
6.759307 -10.000000 403.000000
7.686472 -0.314738 404.000000
7.686472 -0.660949 405.000000
7.686472 -1.041782 406.000000
7.686472 -1.460698 407.000000
7.686472 -1.921506 408.000000
7.686472 -2.428394 409.000000
7.686472 -2.985971 410.000000
7.686472 -3.599306 411.000000
7.686472 -4.273974 412.000000
7.686472 -5.016109 413.000000
7.686472 -5.832458 414.000000
7.686472 -6.730442 415.000000
7.686472 -7.718224 416.000000
7.686472 -8.804784 417.000000
7.686472 -10.000000 418.000000
8.706354 -0.314738 419.000000
8.706354 -0.660949 420.000000
8.706354 -1.041782 421.000000
8.706354 -1.460698 422.000000
8.706354 -1.921506 423.000000
8.706354 -2.428394 424.000000
8.706354 -2.985971 425.000000
8.706354 -3.599306 426.000000
8.706354 -4.273974 427.000000
8.706354 -5.016109 428.000000
8.706354 -5.832458 429.000000
8.706354 -6.730442 430.000000
8.706354 -7.718224 431.000000
8.706354 -8.804784 432.000000
8.706354 -10.000000 433.000000
9.828224 -0.314738 434.000000
9.828224 -0.660949 435.000000
9.828224 -1.041782 436.000000
9.828224 -1.460698 437.000000
9.828224 -1.921506 438.000000
9.828224 -2.428394 439.000000
9.828224 -2.985971 440.000000
9.828224 -3.599306 441.000000
9.828224 -4.273974 442.000000
9.828224 -5.016109 443.000000
9.828224 -5.832458 444.000000
9.828224 -6.730442 445.000000
9.828224 -7.718224 446.000000
9.828224 -8.804784 447.000000
9.828224 -10.000000 448.000000
11.062280 -0.314738 449.000000
11.062280 -0.660949 450.000000
11.062280 -1.041782 451.000000
11.062280 -1.460698 452.000000
11.062280 -1.921506 453.000000
11.062280 -2.428394 454.000000
11.062280 -2.985971 455.000000
11.062280 -3.599306 456.000000
11.062280 -4.273974 457.000000
11.062280 -5.016109 458.000000
11.062280 -5.832458 459.000000
11.062280 -6.730442 460.000000
11.062280 -7.718224 461.000000
11.062280 -8.804784 462.000000
11.062280 -10.000000 463.000000
1.062280 -0.000000 464.000000
0.996842 -0.307860 465.000000
0.924861 -0.646506 466.000000
0.845681 -1.019017 467.000000
0.758584 -1.428778 468.000000
0.662777 -1.879516 469.000000
0.557389 -2.375328 470.000000
0.441462 -2.920720 471.000000
0.313942 -3.520652 472.000000
0.173671 -4.180578 473.000000
0.019372 -4.906495 474.000000
-0.150356 -5.705005 475.000000
-0.337057 -6.583365 476.000000
-0.542429 -7.549562 477.000000
-0.768337 -8.612378 478.000000
-1.016837 -9.781476 479.000000
1.000000 -0.002647 480.000000
0.871985 -0.290174 481.000000
0.731168 -0.606454 482.000000
0.576269 -0.954362 483.000000
0.405881 -1.337061 484.000000
0.218453 -1.758029 485.000000
0.012283 -2.221095 486.000000
-0.214504 -2.730467 487.000000
-0.463970 -3.290776 488.000000
-0.738382 -3.907116 489.000000
-1.040236 -4.585091 490.000000
-1.372274 -5.330862 491.000000
-1.737517 -6.151211 492.000000
-2.139284 -7.053595 493.000000
-2.581228 -8.046217 494.000000
-3.067366 -9.138101 495.000000
0.832620 -0.017121 496.000000
0.647622 -0.271749 497.000000
0.444124 -0.551840 498.000000
0.220276 -0.859940 499.000000
-0.025957 -1.198850 500.000000
-0.296813 -1.571651 501.000000
-0.594754 -1.981733 502.000000
-0.922490 -2.432822 503.000000
-1.282999 -2.929020 504.000000
-1.679559 -3.474839 505.000000
-2.115775 -4.075239 506.000000
-2.595613 -4.735679 507.000000
-3.123435 -5.462162 508.000000
-3.704038 -6.261295 509.000000
-4.342702 -7.140340 510.000000
-5.045233 -8.107291 511.000000
0.606619 -0.040798 512.000000
0.372723 -0.251399 513.000000
0.115438 -0.483060 514.000000
-0.167576 -0.737887 515.000000
-0.478892 -1.018196 516.000000
-0.821338 -1.326537 517.000000
-1.198030 -1.665711 518.000000
-1.612390 -2.038803 519.000000
-2.068187 -2.449204 520.000000
-2.569563 -2.900645 521.000000
-3.121077 -3.397231 522.000000
-3.727742 -3.943475 523.000000
-4.395074 -4.544343 524.000000
-5.129139 -5.205298 525.000000
-5.936611 -5.932349 526.000000
-6.824830 -6.732104 527.000000
0.373503 -0.059249 528.000000
0.100932 -0.216618 529.000000
-0.198896 -0.389724 530.000000
-0.528706 -0.580140 531.000000
-0.891498 -0.789598 532.000000
-1.290569 -1.020002 533.000000
-1.729547 -1.273446 534.000000
-2.212423 -1.552235 535.000000
-2.743587 -1.858902 536.000000
-3.327867 -2.196236 537.000000
-3.970575 -2.567304 538.000000
-4.677554 -2.975478 539.000000
-5.455230 -3.424470 540.000000
-6.310674 -3.918361 541.000000
-7.251663 -4.461641 542.000000
-8.286751 -5.059249 543.000000
0.176245 -0.059033 544.000000
-0.123088 -0.156292 545.000000
-0.452355 -0.263278 546.000000
-0.814548 -0.380961 547.000000
-1.212961 -0.510414 548.000000
-1.651215 -0.652811 549.000000
-2.133294 -0.809448 550.000000
-2.663582 -0.981749 551.000000
-3.246898 -1.171280 552.000000
-3.888546 -1.379764 553.000000
-4.594358 -1.609096 554.000000
-5.370752 -1.861362 555.000000
-6.224785 -2.138854 556.000000
-7.164221 -2.444095 557.000000
-8.197602 -2.779861 558.000000
-9.334320 -3.149203 559.000000
0.045602 -0.036723 560.000000
-0.267412 -0.069622 561.000000
-0.611727 -0.105811 562.000000
-0.990473 -0.145619 563.000000
-1.407094 -0.189408 564.000000
-1.865378 -0.237575 565.000000
-2.369489 -0.290559 566.000000
-2.924012 -0.348842 567.000000
-3.533987 -0.412953 568.000000
-4.204959 -0.483475 569.000000
-4.943029 -0.561049 570.000000
-5.754906 -0.646381 571.000000
-6.647970 -0.740246 572.000000
-7.630341 -0.843497 573.000000
-8.710949 -0.957074 574.000000
-9.899617 -1.082008 575.000000
0.000000 0.000000 576.000000
-0.313014 0.032899 577.000000
-0.657329 0.069088 578.000000
-1.036075 0.108896 579.000000
-1.452696 0.152685 580.000000
-1.910979 0.200852 581.000000
-2.415091 0.253836 582.000000
-2.969614 0.312119 583.000000
-3.579589 0.376230 584.000000
-4.250561 0.446752 585.000000
-4.988631 0.524326 586.000000
-5.800507 0.609658 587.000000
-6.693572 0.703523 588.000000
-7.675942 0.806774 589.000000
-8.756550 0.920351 590.000000
-9.945219 1.045285 591.000000
0.045602 0.036723 592.000000
-0.253732 0.133982 593.000000
-0.582998 0.240968 594.000000
-0.945192 0.358651 595.000000
-1.343605 0.488104 596.000000
-1.781859 0.630501 597.000000
-2.263938 0.787138 598.000000
-2.794225 0.959439 599.000000
-3.377542 1.148970 600.000000
-4.019189 1.357454 601.000000
-4.725002 1.586786 602.000000
-5.501396 1.839052 603.000000
-6.355429 2.116544 604.000000
-7.294865 2.421785 605.000000
-8.328245 2.757551 606.000000
-9.464963 3.126893 607.000000
0.176245 0.059033 608.000000
-0.096325 0.216402 609.000000
-0.396153 0.389508 610.000000
-0.725964 0.579924 611.000000
-1.088756 0.789382 612.000000
-1.487827 1.019786 613.000000
-1.926805 1.273230 614.000000
-2.409681 1.552019 615.000000
-2.940845 1.858686 616.000000
-3.525125 2.196020 617.000000
-4.167833 2.567088 618.000000
-4.874811 2.975262 619.000000
-5.652488 3.424254 620.000000
-6.507932 3.918145 621.000000
-7.448921 4.461425 622.000000
-8.484009 5.059033 623.000000
0.373503 0.059249 624.000000
0.139608 0.269850 625.000000
-0.117678 0.501511 626.000000
-0.400692 0.756337 627.000000
-0.712007 1.036647 628.000000
-1.054454 1.344987 629.000000
-1.431145 1.684162 630.000000
-1.845506 2.057254 631.000000
-2.301302 2.467655 632.000000
-2.802678 2.919096 633.000000
-3.354192 3.415681 634.000000
-3.960858 3.961925 635.000000
-4.628190 4.562794 636.000000
-5.362255 5.223749 637.000000
-6.169726 5.950799 638.000000
-7.057945 6.750555 639.000000
0.606619 0.040798 640.000000
0.421620 0.295427 641.000000
0.218122 0.575518 642.000000
-0.005725 0.883618 643.000000
-0.251958 1.222528 644.000000
-0.522814 1.595329 645.000000
-0.820755 2.005410 646.000000
-1.148491 2.456500 647.000000
-1.509000 2.952698 648.000000
-1.905560 3.498516 649.000000
-2.341777 4.098916 650.000000
-2.821614 4.759356 651.000000
-3.349436 5.485840 652.000000
-3.930039 6.284973 653.000000
-4.568703 7.164018 654.000000
-5.271234 8.130968 655.000000
0.832620 0.017121 656.000000
0.704604 0.304648 657.000000
0.563788 0.620928 658.000000
0.408889 0.968836 659.000000
0.238500 1.351535 660.000000
0.051073 1.772503 661.000000
-0.155097 2.235569 662.000000
-0.381884 2.744941 663.000000
-0.631350 3.305250 664.000000
-0.905762 3.921590 665.000000
-1.207616 4.599565 666.000000
-1.539655 5.345336 667.000000
-1.904897 6.165685 668.000000
-2.306665 7.068069 669.000000
-2.748608 8.060691 670.000000
-3.234747 9.152575 671.000000
1.000000 0.002647 672.000000
0.934562 0.310507 673.000000
0.862581 0.649153 674.000000
0.783401 1.021663 675.000000
0.696304 1.431425 676.000000
0.600497 1.882163 677.000000
0.495109 2.377974 678.000000
0.379182 2.923367 679.000000
0.251662 3.523299 680.000000
0.111391 4.183224 681.000000
-0.042908 4.909142 682.000000
-0.212636 5.707652 683.000000
-0.399338 6.586012 684.000000
-0.604709 7.552209 685.000000
-0.830617 8.615025 686.000000
-1.079117 9.784123 687.000000
