# C mesh points (x, y) in the format: x y
1.000000 0.000000
1.314738 0.000000
1.660949 0.000000
2.041782 0.000000
2.460698 0.000000
2.921506 0.000000
3.428394 0.000000
3.985971 0.000000
4.599306 0.000000
5.273974 0.000000
6.016109 0.000000
6.832458 0.000000
7.730442 0.000000
8.718224 0.000000
9.804784 0.000000
11.000000 0.000000
1.000000 0.278166
1.314738 0.278166
1.660949 0.278166
2.041782 0.278166
2.460698 0.278166
2.921506 0.278166
3.428394 0.278166
3.985971 0.278166
4.599306 0.278166
5.273974 0.278166
6.016109 0.278166
6.832458 0.278166
7.730442 0.278166
8.718224 0.278166
9.804784 0.278166
11.000000 0.278166
1.000000 0.584149
1.314738 0.584149
1.660949 0.584149
2.041782 0.584149
2.460698 0.584149
2.921506 0.584149
3.428394 0.584149
3.985971 0.584149
4.599306 0.584149
5.273974 0.584149
6.016109 0.584149
6.832458 0.584149
7.730442 0.584149
8.718224 0.584149
9.804784 0.584149
11.000000 0.584149
1.000000 0.920730
1.314738 0.920730
1.660949 0.920730
2.041782 0.920730
2.460698 0.920730
2.921506 0.920730
3.428394 0.920730
3.985971 0.920730
4.599306 0.920730
5.273974 0.920730
6.016109 0.920730
6.832458 0.920730
7.730442 0.920730
8.718224 0.920730
9.804784 0.920730
11.000000 0.920730
1.000000 1.290969
1.314738 1.290969
1.660949 1.290969
2.041782 1.290969
2.460698 1.290969
2.921506 1.290969
3.428394 1.290969
3.985971 1.290969
4.599306 1.290969
5.273974 1.290969
6.016109 1.290969
6.832458 1.290969
7.730442 1.290969
8.718224 1.290969
9.804784 1.290969
11.000000 1.290969
1.000000 1.698233
1.314738 1.698233
1.660949 1.698233
2.041782 1.698233
2.460698 1.698233
2.921506 1.698233
3.428394 1.698233
3.985971 1.698233
4.599306 1.698233
5.273974 1.698233
6.016109 1.698233
6.832458 1.698233
7.730442 1.698233
8.718224 1.698233
9.804784 1.698233
11.000000 1.698233
1.000000 2.146222
1.314738 2.146222
1.660949 2.146222
2.041782 2.146222
2.460698 2.146222
2.921506 2.146222
3.428394 2.146222
3.985971 2.146222
4.599306 2.146222
5.273974 2.146222
6.016109 2.146222
6.832458 2.146222
7.730442 2.146222
8.718224 2.146222
9.804784 2.146222
11.000000 2.146222
1.000000 2.639010
1.314738 2.639010
1.660949 2.639010
2.041782 2.639010
2.460698 2.639010
2.921506 2.639010
3.428394 2.639010
3.985971 2.639010
4.599306 2.639010
5.273974 2.639010
6.016109 2.639010
6.832458 2.639010
7.730442 2.639010
8.718224 2.639010
9.804784 2.639010
11.000000 2.639010
1.000000 3.181078
1.314738 3.181078
1.660949 3.181078
2.041782 3.181078
2.460698 3.181078
2.921506 3.181078
3.428394 3.181078
3.985971 3.181078
4.599306 3.181078
5.273974 3.181078
6.016109 3.181078
6.832458 3.181078
7.730442 3.181078
8.718224 3.181078
9.804784 3.181078
11.000000 3.181078
1.000000 3.777352
1.314738 3.777352
1.660949 3.777352
2.041782 3.777352
2.460698 3.777352
2.921506 3.777352
3.428394 3.777352
3.985971 3.777352
4.599306 3.777352
5.273974 3.777352
6.016109 3.777352
6.832458 3.777352
7.730442 3.777352
8.718224 3.777352
9.804784 3.777352
11.000000 3.777352
1.000000 4.433253
1.314738 4.433253
1.660949 4.433253
2.041782 4.433253
2.460698 4.433253
2.921506 4.433253
3.428394 4.433253
3.985971 4.433253
4.599306 4.433253
5.273974 4.433253
6.016109 4.433253
6.832458 4.433253
7.730442 4.433253
8.718224 4.433253
9.804784 4.433253
11.000000 4.433253
1.000000 5.154744
1.314738 5.154744
1.660949 5.154744
2.041782 5.154744
2.460698 5.154744
2.921506 5.154744
3.428394 5.154744
3.985971 5.154744
4.599306 5.154744
5.273974 5.154744
6.016109 5.154744
6.832458 5.154744
7.730442 5.154744
8.718224 5.154744
9.804784 5.154744
11.000000 5.154744
1.000000 5.948385
1.314738 5.948385
1.660949 5.948385
2.041782 5.948385
2.460698 5.948385
2.921506 5.948385
3.428394 5.948385
3.985971 5.948385
4.599306 5.948385
5.273974 5.948385
6.016109 5.948385
6.832458 5.948385
7.730442 5.948385
8.718224 5.948385
9.804784 5.948385
11.000000 5.948385
1.000000 6.821390
1.314738 6.821390
1.660949 6.821390
2.041782 6.821390
2.460698 6.821390
2.921506 6.821390
3.428394 6.821390
3.985971 6.821390
4.599306 6.821390
5.273974 6.821390
6.016109 6.821390
6.832458 6.821390
7.730442 6.821390
8.718224 6.821390
9.804784 6.821390
11.000000 6.821390
1.000000 7.781695
1.314738 7.781695
1.660949 7.781695
2.041782 7.781695
2.460698 7.781695
2.921506 7.781695
3.428394 7.781695
3.985971 7.781695
4.599306 7.781695
5.273974 7.781695
6.016109 7.781695
6.832458 7.781695
7.730442 7.781695
8.718224 7.781695
9.804784 7.781695
11.000000 7.781695
1.000000 8.838031
1.314738 8.838031
1.660949 8.838031
2.041782 8.838031
2.460698 8.838031
2.921506 8.838031
3.428394 8.838031
3.985971 8.838031
4.599306 8.838031
5.273974 8.838031
6.016109 8.838031
6.832458 8.838031
7.730442 8.838031
8.718224 8.838031
9.804784 8.838031
11.000000 8.838031
1.000000 10.000000
1.314738 10.000000
1.660949 10.000000
2.041782 10.000000
2.460698 10.000000
2.921506 10.000000
3.428394 10.000000
3.985971 10.000000
4.599306 10.000000
5.273974 10.000000
6.016109 10.000000
6.832458 10.000000
7.730442 10.000000
8.718224 10.000000
9.804784 10.000000
11.000000 10.000000
1.000000 -0.278166
1.314738 -0.278166
1.660949 -0.278166
2.041782 -0.278166
2.460698 -0.278166
2.921506 -0.278166
3.428394 -0.278166
3.985971 -0.278166
4.599306 -0.278166
5.273974 -0.278166
6.016109 -0.278166
6.832458 -0.278166
7.730442 -0.278166
8.718224 -0.278166
9.804784 -0.278166
11.000000 -0.278166
1.000000 -0.584149
1.314738 -0.584149
1.660949 -0.584149
2.041782 -0.584149
2.460698 -0.584149
2.921506 -0.584149
3.428394 -0.584149
3.985971 -0.584149
4.599306 -0.584149
5.273974 -0.584149
6.016109 -0.584149
6.832458 -0.584149
7.730442 -0.584149
8.718224 -0.584149
9.804784 -0.584149
11.000000 -0.584149
1.000000 -0.920730
1.314738 -0.920730
1.660949 -0.920730
2.041782 -0.920730
2.460698 -0.920730
2.921506 -0.920730
3.428394 -0.920730
3.985971 -0.920730
4.599306 -0.920730
5.273974 -0.920730
6.016109 -0.920730
6.832458 -0.920730
7.730442 -0.920730
8.718224 -0.920730
9.804784 -0.920730
11.000000 -0.920730
1.000000 -1.290969
1.314738 -1.290969
1.660949 -1.290969
2.041782 -1.290969
2.460698 -1.290969
2.921506 -1.290969
3.428394 -1.290969
3.985971 -1.290969
4.599306 -1.290969
5.273974 -1.290969
6.016109 -1.290969
6.832458 -1.290969
7.730442 -1.290969
8.718224 -1.290969
9.804784 -1.290969
11.000000 -1.290969
1.000000 -1.698233
1.314738 -1.698233
1.660949 -1.698233
2.041782 -1.698233
2.460698 -1.698233
2.921506 -1.698233
3.428394 -1.698233
3.985971 -1.698233
4.599306 -1.698233
5.273974 -1.698233
6.016109 -1.698233
6.832458 -1.698233
7.730442 -1.698233
8.718224 -1.698233
9.804784 -1.698233
11.000000 -1.698233
1.000000 -2.146222
1.314738 -2.146222
1.660949 -2.146222
2.041782 -2.146222
2.460698 -2.146222
2.921506 -2.146222
3.428394 -2.146222
3.985971 -2.146222
4.599306 -2.146222
5.273974 -2.146222
6.016109 -2.146222
6.832458 -2.146222
7.730442 -2.146222
8.718224 -2.146222
9.804784 -2.146222
11.000000 -2.146222
1.000000 -2.639010
1.314738 -2.639010
1.660949 -2.639010
2.041782 -2.639010
2.460698 -2.639010
2.921506 -2.639010
3.428394 -2.639010
3.985971 -2.639010
4.599306 -2.639010
5.273974 -2.639010
6.016109 -2.639010
6.832458 -2.639010
7.730442 -2.639010
8.718224 -2.639010
9.804784 -2.639010
11.000000 -2.639010
1.000000 -3.181078
1.314738 -3.181078
1.660949 -3.181078
2.041782 -3.181078
2.460698 -3.181078
2.921506 -3.181078
3.428394 -3.181078
3.985971 -3.181078
4.599306 -3.181078
5.273974 -3.181078
6.016109 -3.181078
6.832458 -3.181078
7.730442 -3.181078
8.718224 -3.181078
9.804784 -3.181078
11.000000 -3.181078
1.000000 -3.777352
1.314738 -3.777352
1.660949 -3.777352
2.041782 -3.777352
2.460698 -3.777352
2.921506 -3.777352
3.428394 -3.777352
3.985971 -3.777352
4.599306 -3.777352
5.273974 -3.777352
6.016109 -3.777352
6.832458 -3.777352
7.730442 -3.777352
8.718224 -3.777352
9.804784 -3.777352
11.000000 -3.777352
1.000000 -4.433253
1.314738 -4.433253
1.660949 -4.433253
2.041782 -4.433253
2.460698 -4.433253
2.921506 -4.433253
3.428394 -4.433253
3.985971 -4.433253
4.599306 -4.433253
5.273974 -4.433253
6.016109 -4.433253
6.832458 -4.433253
7.730442 -4.433253
8.718224 -4.433253
9.804784 -4.433253
11.000000 -4.433253
1.000000 -5.154744
1.314738 -5.154744
1.660949 -5.154744
2.041782 -5.154744
2.460698 -5.154744
2.921506 -5.154744
3.428394 -5.154744
3.985971 -5.154744
4.599306 -5.154744
5.273974 -5.154744
6.016109 -5.154744
6.832458 -5.154744
7.730442 -5.154744
8.718224 -5.154744
9.804784 -5.154744
11.000000 -5.154744
1.000000 -5.948385
1.314738 -5.948385
1.660949 -5.948385
2.041782 -5.948385
2.460698 -5.948385
2.921506 -5.948385
3.428394 -5.948385
3.985971 -5.948385
4.599306 -5.948385
5.273974 -5.948385
6.016109 -5.948385
6.832458 -5.948385
7.730442 -5.948385
8.718224 -5.948385
9.804784 -5.948385
11.000000 -5.948385
1.000000 -6.821390
1.314738 -6.821390
1.660949 -6.821390
2.041782 -6.821390
2.460698 -6.821390
2.921506 -6.821390
3.428394 -6.821390
3.985971 -6.821390
4.599306 -6.821390
5.273974 -6.821390
6.016109 -6.821390
6.832458 -6.821390
7.730442 -6.821390
8.718224 -6.821390
9.804784 -6.821390
11.000000 -6.821390
1.000000 -7.781695
1.314738 -7.781695
1.660949 -7.781695
2.041782 -7.781695
2.460698 -7.781695
2.921506 -7.781695
3.428394 -7.781695
3.985971 -7.781695
4.599306 -7.781695
5.273974 -7.781695
6.016109 -7.781695
6.832458 -7.781695
7.730442 -7.781695
8.718224 -7.781695
9.804784 -7.781695
11.000000 -7.781695
1.000000 -8.838031
1.314738 -8.838031
1.660949 -8.838031
2.041782 -8.838031
2.460698 -8.838031
2.921506 -8.838031
3.428394 -8.838031
3.985971 -8.838031
4.599306 -8.838031
5.273974 -8.838031
6.016109 -8.838031
6.832458 -8.838031
7.730442 -8.838031
8.718224 -8.838031
9.804784 -8.838031
11.000000 -8.838031
1.000000 -10.000000
1.314738 -10.000000
1.660949 -10.000000
2.041782 -10.000000
2.460698 -10.000000
2.921506 -10.000000
3.428394 -10.000000
3.985971 -10.000000
4.599306 -10.000000
5.273974 -10.000000
6.016109 -10.000000
6.832458 -10.000000
7.730442 -10.000000
8.718224 -10.000000
9.804784 -10.000000
11.000000 -10.000000
0.961912 -0.275546
0.877786 -0.272129
0.713519 -0.268972
0.492841 -0.258732
0.250018 -0.233569
0.023817 -0.186191
-0.149098 -0.113094
-0.239728 -0.017801
-0.239728 0.017801
-0.149098 0.113094
0.023817 0.186191
0.250018 0.233569
0.492841 0.258732
0.713519 0.268972
0.877786 0.272129
0.961912 0.275546
0.920015 -0.578647
0.790900 -0.564945
0.580367 -0.541375
0.315007 -0.498846
0.032529 -0.429075
-0.224985 -0.325689
-0.418147 -0.186881
-0.515447 -0.017801
-0.515447 0.017801
-0.418147 0.186881
-0.224985 0.325689
0.032529 0.429075
0.315007 0.498846
0.580367 0.541375
0.790900 0.564945
0.920015 0.578647
0.873929 -0.912058
0.695325 -0.887043
0.433901 -0.841017
0.119390 -0.762972
-0.206710 -0.644132
-0.498667 -0.479137
-0.714100 -0.268046
-0.818739 -0.017801
-0.818739 0.017801
-0.714100 0.268046
-0.498667 0.479137
-0.206710 0.644132
0.119390 0.762972
0.433901 0.841017
0.695325 0.887043
0.873929 0.912058
0.823234 -1.278810
0.590194 -1.241351
0.272788 -1.170624
-0.095790 -1.053510
-0.469872 -0.880695
-0.799717 -0.647929
-1.039649 -0.357328
-1.152359 -0.017801
-1.152359 0.017801
-1.039649 0.357328
-0.799717 0.647929
-0.469872 0.880695
-0.095790 1.053510
0.272788 1.170624
0.590194 1.241351
0.823234 1.278810
0.767469 -1.682238
0.474549 -1.631089
0.095563 -1.533191
-0.332487 -1.373102
-0.759350 -1.140914
-1.130872 -0.833601
-1.397753 -0.455538
-1.519342 -0.017801
-1.519342 0.017801
-1.397753 0.455538
-1.130872 0.833601
-0.759350 1.140914
-0.332487 1.373102
0.095563 1.533191
0.474549 1.631089
0.767469 1.682238
0.706128 -2.126008
0.347339 -2.059801
-0.099383 -1.932015
-0.592854 -1.724653
-1.077777 -1.427154
-1.495142 -1.037840
-1.791667 -0.563570
-1.923022 -0.017801
-1.923022 0.017801
-1.791667 0.563570
-1.495142 1.037840
-1.077777 1.427154
-0.592854 1.724653
-0.099383 1.932015
0.347339 2.059801
0.706128 2.126008
0.638653 -2.614155
0.207409 -2.531385
-0.313825 -2.370722
-0.879257 -2.111360
-1.428045 -1.742019
-1.895840 -1.262503
-2.224973 -0.682404
-2.367071 -0.017801
-2.367071 0.017801
-2.224973 0.682404
-1.895840 1.262503
-1.428045 1.742019
-0.879257 2.111360
-0.313825 2.370722
0.207409 2.531385
0.638653 2.614155
0.564430 -3.151116
0.053485 -3.050127
-0.549711 -2.853299
-1.194301 -2.536737
-1.813341 -2.088370
-2.336607 -1.509632
-2.701609 -0.813122
-2.855525 -0.017801
-2.855525 0.017801
-2.701609 0.813122
-2.336607 1.509632
-1.813341 2.088370
-1.194301 2.536737
-0.549711 2.853299
0.053485 3.050127
0.564430 3.151116
0.482785 -3.741774
-0.115831 -3.620743
-0.809185 -3.384134
-1.540850 -3.004652
-2.237167 -2.469356
-2.821451 -1.781474
-3.225909 -0.956911
-3.392824 -0.017801
-3.392824 0.017801
-3.225909 0.956911
-2.821451 1.781474
-2.237167 2.469356
-1.540850 3.004652
-0.809185 3.384134
-0.115831 3.620743
0.482785 3.741774
0.392976 -4.391498
-0.302078 -4.248421
-1.094607 -3.968052
-1.922053 -3.519358
-2.703374 -2.888441
-3.354780 -2.080500
-3.802639 -1.115080
-3.983853 -0.017801
-3.983853 0.017801
-3.802639 1.115080
-3.354780 2.080500
-2.703374 2.888441
-1.922053 3.519358
-1.094607 3.968052
-0.302078 4.248421
0.392976 4.391498
0.294185 -5.106194
-0.506950 -4.938866
-1.408571 -4.610363
-2.341376 -4.085535
-3.216203 -3.349435
-3.941441 -2.409429
-4.437041 -1.289065
-4.633985 -0.017801
-4.633985 0.017801
-4.437041 1.289065
-3.941441 2.409429
-3.216203 3.349435
-2.341376 4.085535
-1.408571 4.610363
-0.506950 4.938866
0.294185 5.106194
0.185516 -5.892360
-0.732310 -5.698356
-1.753931 -5.316904
-2.802632 -4.708329
-3.780315 -3.856527
-4.586768 -2.771251
-5.134884 -1.480449
-5.349130 -0.017801
-5.349130 0.017801
-5.134884 1.480449
-4.586768 2.771251
-3.780315 3.856527
-2.802632 4.708329
-1.753931 5.316904
-0.732310 5.698356
0.185516 5.892360
0.065980 -6.757142
-0.980205 -6.533795
-2.133827 -6.094099
-3.310013 -5.393403
-4.400837 -4.414330
-5.296628 -3.169254
-5.902512 -1.690971
-6.135790 -0.017801
-6.135790 0.017801
-5.902512 1.690971
-5.296628 3.169254
-4.400837 4.414330
-3.310013 5.393403
-2.133827 6.094099
-0.980205 6.533795
0.065980 6.757142
-0.065510 -7.708402
-1.252890 -7.452778
-2.551713 -6.949014
-3.868133 -6.146984
-5.083412 -5.027912
-6.077475 -3.607059
-6.746902 -1.922546
-7.001115 -0.017801
-7.001115 0.017801
-6.746902 1.922546
-6.077475 3.607059
-5.083412 5.027912
-3.868133 6.146984
-2.551713 6.949014
-1.252890 7.452778
-0.065510 7.708402
-0.210149 -8.754789
-1.552843 -8.463660
-3.011387 -7.889421
-4.482065 -6.975924
-5.834245 -5.702852
-6.936405 -4.088643
-7.675731 -2.177278
-7.952974 -0.017801
-7.952974 0.017801
-7.675731 2.177278
-6.936405 4.088643
-5.834245 5.702852
-4.482065 6.975924
-3.011387 7.889421
-1.552843 8.463660
-0.210149 8.754789
-0.369252 -9.905814
-1.882792 -9.575629
-3.517029 -8.923868
-5.157389 -7.887757
-6.660160 -6.445287
-7.881229 -4.618387
-8.697443 -2.457483
-9.000018 -0.017801
-9.000018 0.017801
-8.697443 2.457483
-7.881229 4.618387
-6.660160 6.445287
-5.157389 7.887757
-3.517029 8.923868
-1.882792 9.575629
-0.369252 9.905814
