# C mesh points (x, y) in the format: x y
4.021148 -0.000000 0.000000
7.344411 -0.000000 1.000000
11.000000 -0.000000 2.000000
1.000000 2.154708 3.000000
1.000000 4.524887 4.000000
1.000000 7.132084 5.000000
1.000000 10.000000 6.000000
4.021148 2.154708 7.000000
4.021148 4.524887 8.000000
4.021148 7.132084 9.000000
4.021148 10.000000 10.000000
7.344411 2.154708 11.000000
7.344411 4.524887 12.000000
7.344411 7.132084 13.000000
7.344411 10.000000 14.000000
11.000000 2.154708 15.000000
11.000000 4.524887 16.000000
11.000000 7.132084 17.000000
11.000000 10.000000 18.000000
1.000000 -2.154708 19.000000
1.000000 -4.524887 20.000000
1.000000 -7.132084 21.000000
1.000000 -10.000000 22.000000
4.021148 -2.154708 23.000000
4.021148 -4.524887 24.000000
4.021148 -7.132084 25.000000
4.021148 -10.000000 26.000000
7.344411 -2.154708 27.000000
7.344411 -4.524887 28.000000
7.344411 -7.132084 29.000000
7.344411 -10.000000 30.000000
11.000000 -2.154708 31.000000
11.000000 -4.524887 32.000000
11.000000 -7.132084 33.000000
11.000000 -10.000000 34.000000
1.000000 -0.000000 35.000000
-0.077354 -1.866032 36.000000
-1.262443 -3.918667 37.000000
-2.566042 -6.176566 38.000000
-4.000000 -8.660254 39.000000
0.580725 -0.036915 40.000000
-1.285307 -1.114269 41.000000
-3.337942 -2.299358 42.000000
-5.595840 -3.602956 43.000000
-8.079529 -5.036915 44.000000
0.000000 -0.049310 45.000000
-2.154708 -0.049310 46.000000
-4.524887 -0.049310 47.000000
-7.132084 -0.049310 48.000000
-10.000000 -0.049310 49.000000
0.000000 0.049310 50.000000
-1.866032 1.126664 51.000000
-3.918667 2.311754 52.000000
-6.176566 3.615352 53.000000
-8.660254 5.049310 54.000000
0.580725 0.036915 55.000000
-0.496629 1.902946 56.000000
-1.681718 3.955582 57.000000
-2.985317 6.213480 58.000000
-4.419275 8.697169 59.000000
