# C mesh points (x, y) in the format: x y
3.059217 -0.012759 0.000000
5.429395 -0.012759 1.000000
8.036592 -0.012759 2.000000
10.904508 -0.012759 3.000000
0.904508 1.625216 4.000000
0.904508 3.426988 5.000000
0.904508 5.408937 6.000000
0.904508 7.589082 7.000000
0.904508 9.987241 8.000000
3.059217 1.625216 9.000000
3.059217 3.426988 10.000000
3.059217 5.408937 11.000000
3.059217 7.589082 12.000000
3.059217 9.987241 13.000000
5.429395 1.625216 14.000000
5.429395 3.426988 15.000000
5.429395 5.408937 16.000000
5.429395 7.589082 17.000000
5.429395 9.987241 18.000000
8.036592 1.625216 19.000000
8.036592 3.426988 20.000000
8.036592 5.408937 21.000000
8.036592 7.589082 22.000000
8.036592 9.987241 23.000000
10.904508 1.625216 24.000000
10.904508 3.426988 25.000000
10.904508 5.408937 26.000000
10.904508 7.589082 27.000000
10.904508 9.987241 28.000000
0.904508 -1.646554 29.000000
0.904508 -3.443729 30.000000
0.904508 -5.420621 31.000000
0.904508 -7.595202 32.000000
0.904508 -9.987241 33.000000
3.059217 -1.646554 34.000000
3.059217 -3.443729 35.000000
3.059217 -5.420621 36.000000
3.059217 -7.595202 37.000000
3.059217 -9.987241 38.000000
5.429395 -1.646554 39.000000
5.429395 -3.443729 40.000000
5.429395 -5.420621 41.000000
5.429395 -7.595202 42.000000
5.429395 -9.987241 43.000000
8.036592 -1.646554 44.000000
8.036592 -3.443729 45.000000
8.036592 -5.420621 46.000000
8.036592 -7.595202 47.000000
8.036592 -9.987241 48.000000
10.904508 -1.646554 49.000000
10.904508 -3.443729 50.000000
10.904508 -5.420621 51.000000
10.904508 -7.595202 52.000000
10.904508 -9.987241 53.000000
0.904508 -0.012759 54.000000
0.085521 -1.431287 55.000000
-0.815365 -2.991668 56.000000
-1.806340 -4.708086 57.000000
-2.896412 -6.596147 58.000000
-4.095492 -8.673013 59.000000
0.345492 -0.059542 60.000000
-1.073036 -0.878530 61.000000
-2.633417 -1.779416 62.000000
-4.349835 -2.770391 63.000000
-6.237896 -3.860463 64.000000
-8.314763 -5.059542 65.000000
0.000000 0.000000 66.000000
-1.637975 0.000000 67.000000
-3.439747 0.000000 68.000000
-5.421697 0.000000 69.000000
-7.601841 0.000000 70.000000
-10.000000 0.000000 71.000000
0.345492 0.059542 72.000000
-1.073036 0.878530 73.000000
-2.633417 1.779416 74.000000
-4.349835 2.770391 75.000000
-6.237896 3.860463 76.000000
-8.314763 5.059542 77.000000
0.904508 0.012759 78.000000
0.085521 1.431287 79.000000
-0.815365 2.991668 80.000000
-1.806340 4.708086 81.000000
-2.896412 6.596147 82.000000
-4.095492 8.673013 83.000000
