# C mesh points (x, y) in the format: x y
4.331560 -0.000000 0.000000
6.701739 -0.000000 1.000000
9.308935 -0.000000 2.000000
12.176852 -0.000000 3.000000
2.176852 1.637975 4.000000
2.176852 3.439747 5.000000
2.176852 5.421697 6.000000
2.176852 7.601841 7.000000
2.176852 10.000000 8.000000
4.331560 1.637975 9.000000
4.331560 3.439747 10.000000
4.331560 5.421697 11.000000
4.331560 7.601841 12.000000
4.331560 10.000000 13.000000
6.701739 1.637975 14.000000
6.701739 3.439747 15.000000
6.701739 5.421697 16.000000
6.701739 7.601841 17.000000
6.701739 10.000000 18.000000
9.308935 1.637975 19.000000
9.308935 3.439747 20.000000
9.308935 5.421697 21.000000
9.308935 7.601841 22.000000
9.308935 10.000000 23.000000
12.176852 1.637975 24.000000
12.176852 3.439747 25.000000
12.176852 5.421697 26.000000
12.176852 7.601841 27.000000
12.176852 10.000000 28.000000
2.176852 -1.637975 29.000000
2.176852 -3.439747 30.000000
2.176852 -5.421697 31.000000
2.176852 -7.601841 32.000000
2.176852 -10.000000 33.000000
4.331560 -1.637975 34.000000
4.331560 -3.439747 35.000000
4.331560 -5.421697 36.000000
4.331560 -7.601841 37.000000
4.331560 -10.000000 38.000000
6.701739 -1.637975 39.000000
6.701739 -3.439747 40.000000
6.701739 -5.421697 41.000000
6.701739 -7.601841 42.000000
6.701739 -10.000000 43.000000
9.308935 -1.637975 44.000000
9.308935 -3.439747 45.000000
9.308935 -5.421697 46.000000
9.308935 -7.601841 47.000000
9.308935 -10.000000 48.000000
12.176852 -1.637975 49.000000
12.176852 -3.439747 50.000000
12.176852 -5.421697 51.000000
12.176852 -7.601841 52.000000
12.176852 -10.000000 53.000000
2.176852 -0.000000 54.000000
1.214074 -1.325149 55.000000
0.155019 -2.782814 56.000000
-1.009942 -4.386245 57.000000
-2.291398 -6.150019 58.000000
-3.701001 -8.090170 59.000000
1.000000 -0.105917 60.000000
-0.557807 -0.612079 61.000000
-2.271394 -1.168857 62.000000
-4.156340 -1.781313 63.000000
-6.229780 -2.455015 64.000000
-8.510565 -3.196087 65.000000
0.000000 0.000000 66.000000
-1.557807 0.506162 67.000000
-3.271394 1.062940 68.000000
-5.156340 1.675396 69.000000
-7.229780 2.349098 70.000000
-9.510565 3.090170 71.000000
1.000000 0.105917 72.000000
0.037223 1.431066 73.000000
-1.021833 2.888731 74.000000
-2.186793 4.492161 75.000000
-3.468250 6.255935 76.000000
-4.877853 8.196087 77.000000
