# C mesh points (x, y) in the format: x y
2.296074 -0.000000 0.000000
3.721755 -0.000000 1.000000
5.290004 -0.000000 2.000000
7.015079 -0.000000 3.000000
8.912660 -0.000000 4.000000
11.000000 -0.000000 5.000000
1.000000 2.154708 6.000000
1.000000 4.524887 7.000000
1.000000 7.132084 8.000000
1.000000 10.000000 9.000000
2.296074 2.154708 10.000000
2.296074 4.524887 11.000000
2.296074 7.132084 12.000000
2.296074 10.000000 13.000000
3.721755 2.154708 14.000000
3.721755 4.524887 15.000000
3.721755 7.132084 16.000000
3.721755 10.000000 17.000000
5.290004 2.154708 18.000000
5.290004 4.524887 19.000000
5.290004 7.132084 20.000000
5.290004 10.000000 21.000000
7.015079 2.154708 22.000000
7.015079 4.524887 23.000000
7.015079 7.132084 24.000000
7.015079 10.000000 25.000000
8.912660 2.154708 26.000000
8.912660 4.524887 27.000000
8.912660 7.132084 28.000000
8.912660 10.000000 29.000000
11.000000 2.154708 30.000000
11.000000 4.524887 31.000000
11.000000 7.132084 32.000000
11.000000 10.000000 33.000000
1.000000 -2.154708 34.000000
1.000000 -4.524887 35.000000
1.000000 -7.132084 36.000000
1.000000 -10.000000 37.000000
2.296074 -2.154708 38.000000
2.296074 -4.524887 39.000000
2.296074 -7.132084 40.000000
2.296074 -10.000000 41.000000
3.721755 -2.154708 42.000000
3.721755 -4.524887 43.000000
3.721755 -7.132084 44.000000
3.721755 -10.000000 45.000000
5.290004 -2.154708 46.000000
5.290004 -4.524887 47.000000
5.290004 -7.132084 48.000000
5.290004 -10.000000 49.000000
7.015079 -2.154708 50.000000
7.015079 -4.524887 51.000000
7.015079 -7.132084 52.000000
7.015079 -10.000000 53.000000
8.912660 -2.154708 54.000000
8.912660 -4.524887 55.000000
8.912660 -7.132084 56.000000
8.912660 -10.000000 57.000000
11.000000 -2.154708 58.000000
11.000000 -4.524887 59.000000
11.000000 -7.132084 60.000000
11.000000 -10.000000 61.000000
1.000000 -0.000000 62.000000
-1.054903 -2.214658 63.000000
-3.315295 -4.650782 64.000000
-5.801727 -7.330519 65.000000
0.000000 -0.074586 66.000000
-3.021148 -0.074586 67.000000
-6.344411 -0.074586 68.000000
-10.000000 -0.074586 69.000000
0.000000 0.074586 70.000000
-2.054903 2.289244 71.000000
-4.315295 4.725368 72.000000
-6.801727 7.405105 73.000000
