# C mesh points (x, y) in the format: x y
2.691654 -0.000000 0.000000
4.117335 -0.000000 1.000000
5.685585 -0.000000 2.000000
7.410659 -0.000000 3.000000
9.308241 -0.000000 4.000000
11.395580 -0.000000 5.000000
1.395580 1.054055 6.000000
1.395580 2.213515 7.000000
1.395580 3.488922 8.000000
1.395580 4.891869 9.000000
1.395580 6.435111 10.000000
1.395580 8.132677 11.000000
1.395580 10.000000 12.000000
2.691654 1.054055 13.000000
2.691654 2.213515 14.000000
2.691654 3.488922 15.000000
2.691654 4.891869 16.000000
2.691654 6.435111 17.000000
2.691654 8.132677 18.000000
2.691654 10.000000 19.000000
4.117335 1.054055 20.000000
4.117335 2.213515 21.000000
4.117335 3.488922 22.000000
4.117335 4.891869 23.000000
4.117335 6.435111 24.000000
4.117335 8.132677 25.000000
4.117335 10.000000 26.000000
5.685585 1.054055 27.000000
5.685585 2.213515 28.000000
5.685585 3.488922 29.000000
5.685585 4.891869 30.000000
5.685585 6.435111 31.000000
5.685585 8.132677 32.000000
5.685585 10.000000 33.000000
7.410659 1.054055 34.000000
7.410659 2.213515 35.000000
7.410659 3.488922 36.000000
7.410659 4.891869 37.000000
7.410659 6.435111 38.000000
7.410659 8.132677 39.000000
7.410659 10.000000 40.000000
9.308241 1.054055 41.000000
9.308241 2.213515 42.000000
9.308241 3.488922 43.000000
9.308241 4.891869 44.000000
9.308241 6.435111 45.000000
9.308241 8.132677 46.000000
9.308241 10.000000 47.000000
11.395580 1.054055 48.000000
11.395580 2.213515 49.000000
11.395580 3.488922 50.000000
11.395580 4.891869 51.000000
11.395580 6.435111 52.000000
11.395580 8.132677 53.000000
11.395580 10.000000 54.000000
1.395580 -1.054055 55.000000
1.395580 -2.213515 56.000000
1.395580 -3.488922 57.000000
1.395580 -4.891869 58.000000
1.395580 -6.435111 59.000000
1.395580 -8.132677 60.000000
1.395580 -10.000000 61.000000
2.691654 -1.054055 62.000000
2.691654 -2.213515 63.000000
2.691654 -3.488922 64.000000
2.691654 -4.891869 65.000000
2.691654 -6.435111 66.000000
2.691654 -8.132677 67.000000
2.691654 -10.000000 68.000000
4.117335 -1.054055 69.000000
4.117335 -2.213515 70.000000
4.117335 -3.488922 71.000000
4.117335 -4.891869 72.000000
4.117335 -6.435111 73.000000
4.117335 -8.132677 74.000000
4.117335 -10.000000 75.000000
5.685585 -1.054055 76.000000
5.685585 -2.213515 77.000000
5.685585 -3.488922 78.000000
5.685585 -4.891869 79.000000
5.685585 -6.435111 80.000000
5.685585 -8.132677 81.000000
5.685585 -10.000000 82.000000
7.410659 -1.054055 83.000000
7.410659 -2.213515 84.000000
7.410659 -3.488922 85.000000
7.410659 -4.891869 86.000000
7.410659 -6.435111 87.000000
7.410659 -8.132677 88.000000
7.410659 -10.000000 89.000000
9.308241 -1.054055 90.000000
9.308241 -2.213515 91.000000
9.308241 -3.488922 92.000000
9.308241 -4.891869 93.000000
9.308241 -6.435111 94.000000
9.308241 -8.132677 95.000000
9.308241 -10.000000 96.000000
11.395580 -1.054055 97.000000
11.395580 -2.213515 98.000000
11.395580 -3.488922 99.000000
11.395580 -4.891869 100.000000
11.395580 -6.435111 101.000000
11.395580 -8.132677 102.000000
11.395580 -10.000000 103.000000
1.395580 -0.000000 104.000000
0.868553 -0.912838 105.000000
0.288823 -1.916961 106.000000
-0.348881 -3.021495 107.000000
-1.050354 -4.236483 108.000000
-1.821975 -5.572970 109.000000
-2.670758 -7.043105 110.000000
-3.604420 -8.660254 111.000000
1.000000 -0.032285 112.000000
0.087162 -0.559313 113.000000
-0.916961 -1.139043 114.000000
-2.021495 -1.776746 115.000000
-3.236483 -2.478220 116.000000
-4.572970 -3.249841 117.000000
-6.043105 -4.098624 118.000000
-7.660254 -5.032285 119.000000
0.309862 -0.080979 120.000000
-0.744193 -0.080979 121.000000
-1.903653 -0.080979 122.000000
-3.179060 -0.080979 123.000000
-4.582007 -0.080979 124.000000
-6.125249 -0.080979 125.000000
-7.822815 -0.080979 126.000000
-9.690138 -0.080979 127.000000
0.000000 0.000000 128.000000
-0.912838 0.527027 129.000000
-1.916961 1.106758 130.000000
-3.021495 1.744461 131.000000
-4.236483 2.445935 132.000000
-5.572970 3.217556 133.000000
-7.043105 4.066339 134.000000
-8.660254 5.000000 135.000000
0.309862 0.080979 136.000000
-0.217165 0.993818 137.000000
-0.796895 1.997940 138.000000
-1.434599 3.102474 139.000000
-2.136072 4.317462 140.000000
-2.907693 5.653949 141.000000
-3.756476 7.124084 142.000000
-4.690138 8.741233 143.000000
