# C mesh points (x, y) in the format: x y
2.637975 -0.000000 0.000000
4.439747 -0.000000 1.000000
6.421697 -0.000000 2.000000
8.601841 -0.000000 3.000000
11.000000 -0.000000 4.000000
1.000000 2.154708 5.000000
1.000000 4.524887 6.000000
1.000000 7.132084 7.000000
1.000000 10.000000 8.000000
2.637975 2.154708 9.000000
2.637975 4.524887 10.000000
2.637975 7.132084 11.000000
2.637975 10.000000 12.000000
4.439747 2.154708 13.000000
4.439747 4.524887 14.000000
4.439747 7.132084 15.000000
4.439747 10.000000 16.000000
6.421697 2.154708 17.000000
6.421697 4.524887 18.000000
6.421697 7.132084 19.000000
6.421697 10.000000 20.000000
8.601841 2.154708 21.000000
8.601841 4.524887 22.000000
8.601841 7.132084 23.000000
8.601841 10.000000 24.000000
11.000000 2.154708 25.000000
11.000000 4.524887 26.000000
11.000000 7.132084 27.000000
11.000000 10.000000 28.000000
1.000000 -2.154708 29.000000
1.000000 -4.524887 30.000000
1.000000 -7.132084 31.000000
1.000000 -10.000000 32.000000
2.637975 -2.154708 33.000000
2.637975 -4.524887 34.000000
2.637975 -7.132084 35.000000
2.637975 -10.000000 36.000000
4.439747 -2.154708 37.000000
4.439747 -4.524887 38.000000
4.439747 -7.132084 39.000000
4.439747 -10.000000 40.000000
6.421697 -2.154708 41.000000
6.421697 -4.524887 42.000000
6.421697 -7.132084 43.000000
6.421697 -10.000000 44.000000
8.601841 -2.154708 45.000000
8.601841 -4.524887 46.000000
8.601841 -7.132084 47.000000
8.601841 -10.000000 48.000000
11.000000 -2.154708 49.000000
11.000000 -4.524887 50.000000
11.000000 -7.132084 51.000000
11.000000 -10.000000 52.000000
1.000000 -0.000000 53.000000
-1.054903 -2.214658 54.000000
-3.315295 -4.650782 55.000000
-5.801727 -7.330519 56.000000
0.000000 -0.074586 57.000000
-3.021148 -0.074586 58.000000
-6.344411 -0.074586 59.000000
-10.000000 -0.074586 60.000000
0.000000 0.074586 61.000000
-2.054903 2.289244 62.000000
-4.315295 4.725368 63.000000
-6.801727 7.405105 64.000000
