# C mesh points (x, y) in the format: x y
1.407785 -0.000000 0.000000
1.856349 -0.000000 1.000000
2.349769 -0.000000 2.000000
2.892531 -0.000000 3.000000
3.489570 -0.000000 4.000000
4.146312 -0.000000 5.000000
4.868728 -0.000000 6.000000
5.663386 -0.000000 7.000000
6.537510 -0.000000 8.000000
7.499046 -0.000000 9.000000
8.556736 -0.000000 10.000000
9.720195 -0.000000 11.000000
11.000000 -0.000000 12.000000
1.000000 0.357462 13.000000
1.000000 0.750671 14.000000
1.000000 1.183200 15.000000
1.000000 1.658982 16.000000
1.000000 2.182343 17.000000
1.000000 2.758039 18.000000
1.000000 3.391305 19.000000
1.000000 4.087898 20.000000
1.000000 4.854150 21.000000
1.000000 5.697027 22.000000
1.000000 6.624192 23.000000
1.000000 7.644074 24.000000
1.000000 8.765943 25.000000
1.000000 10.000000 26.000000
1.407785 0.357462 27.000000
1.407785 0.750671 28.000000
1.407785 1.183200 29.000000
1.407785 1.658982 30.000000
1.407785 2.182343 31.000000
1.407785 2.758039 32.000000
1.407785 3.391305 33.000000
1.407785 4.087898 34.000000
1.407785 4.854150 35.000000
1.407785 5.697027 36.000000
1.407785 6.624192 37.000000
1.407785 7.644074 38.000000
1.407785 8.765943 39.000000
1.407785 10.000000 40.000000
1.856349 0.357462 41.000000
1.856349 0.750671 42.000000
1.856349 1.183200 43.000000
1.856349 1.658982 44.000000
1.856349 2.182343 45.000000
1.856349 2.758039 46.000000
1.856349 3.391305 47.000000
1.856349 4.087898 48.000000
1.856349 4.854150 49.000000
1.856349 5.697027 50.000000
1.856349 6.624192 51.000000
1.856349 7.644074 52.000000
1.856349 8.765943 53.000000
1.856349 10.000000 54.000000
2.349769 0.357462 55.000000
2.349769 0.750671 56.000000
2.349769 1.183200 57.000000
2.349769 1.658982 58.000000
2.349769 2.182343 59.000000
2.349769 2.758039 60.000000
2.349769 3.391305 61.000000
2.349769 4.087898 62.000000
2.349769 4.854150 63.000000
2.349769 5.697027 64.000000
2.349769 6.624192 65.000000
2.349769 7.644074 66.000000
2.349769 8.765943 67.000000
2.349769 10.000000 68.000000
2.892531 0.357462 69.000000
2.892531 0.750671 70.000000
2.892531 1.183200 71.000000
2.892531 1.658982 72.000000
2.892531 2.182343 73.000000
2.892531 2.758039 74.000000
2.892531 3.391305 75.000000
2.892531 4.087898 76.000000
2.892531 4.854150 77.000000
2.892531 5.697027 78.000000
2.892531 6.624192 79.000000
2.892531 7.644074 80.000000
2.892531 8.765943 81.000000
2.892531 10.000000 82.000000
3.489570 0.357462 83.000000
3.489570 0.750671 84.000000
3.489570 1.183200 85.000000
3.489570 1.658982 86.000000
3.489570 2.182343 87.000000
3.489570 2.758039 88.000000
3.489570 3.391305 89.000000
3.489570 4.087898 90.000000
3.489570 4.854150 91.000000
3.489570 5.697027 92.000000
3.489570 6.624192 93.000000
3.489570 7.644074 94.000000
3.489570 8.765943 95.000000
3.489570 10.000000 96.000000
4.146312 0.357462 97.000000
4.146312 0.750671 98.000000
4.146312 1.183200 99.000000
4.146312 1.658982 100.000000
4.146312 2.182343 101.000000
4.146312 2.758039 102.000000
4.146312 3.391305 103.000000
4.146312 4.087898 104.000000
4.146312 4.854150 105.000000
4.146312 5.697027 106.000000
4.146312 6.624192 107.000000
4.146312 7.644074 108.000000
4.146312 8.765943 109.000000
4.146312 10.000000 110.000000
4.868728 0.357462 111.000000
4.868728 0.750671 112.000000
4.868728 1.183200 113.000000
4.868728 1.658982 114.000000
4.868728 2.182343 115.000000
4.868728 2.758039 116.000000
4.868728 3.391305 117.000000
4.868728 4.087898 118.000000
4.868728 4.854150 119.000000
4.868728 5.697027 120.000000
4.868728 6.624192 121.000000
4.868728 7.644074 122.000000
4.868728 8.765943 123.000000
4.868728 10.000000 124.000000
5.663386 0.357462 125.000000
5.663386 0.750671 126.000000
5.663386 1.183200 127.000000
5.663386 1.658982 128.000000
5.663386 2.182343 129.000000
5.663386 2.758039 130.000000
5.663386 3.391305 131.000000
5.663386 4.087898 132.000000
5.663386 4.854150 133.000000
5.663386 5.697027 134.000000
5.663386 6.624192 135.000000
5.663386 7.644074 136.000000
5.663386 8.765943 137.000000
5.663386 10.000000 138.000000
6.537510 0.357462 139.000000
6.537510 0.750671 140.000000
6.537510 1.183200 141.000000
6.537510 1.658982 142.000000
6.537510 2.182343 143.000000
6.537510 2.758039 144.000000
6.537510 3.391305 145.000000
6.537510 4.087898 146.000000
6.537510 4.854150 147.000000
6.537510 5.697027 148.000000
6.537510 6.624192 149.000000
6.537510 7.644074 150.000000
6.537510 8.765943 151.000000
6.537510 10.000000 152.000000
7.499046 0.357462 153.000000
7.499046 0.750671 154.000000
7.499046 1.183200 155.000000
7.499046 1.658982 156.000000
7.499046 2.182343 157.000000
7.499046 2.758039 158.000000
7.499046 3.391305 159.000000
7.499046 4.087898 160.000000
7.499046 4.854150 161.000000
7.499046 5.697027 162.000000
7.499046 6.624192 163.000000
7.499046 7.644074 164.000000
7.499046 8.765943 165.000000
7.499046 10.000000 166.000000
8.556736 0.357462 167.000000
8.556736 0.750671 168.000000
8.556736 1.183200 169.000000
8.556736 1.658982 170.000000
8.556736 2.182343 171.000000
8.556736 2.758039 172.000000
8.556736 3.391305 173.000000
8.556736 4.087898 174.000000
8.556736 4.854150 175.000000
8.556736 5.697027 176.000000
8.556736 6.624192 177.000000
8.556736 7.644074 178.000000
8.556736 8.765943 179.000000
8.556736 10.000000 180.000000
9.720195 0.357462 181.000000
9.720195 0.750671 182.000000
9.720195 1.183200 183.000000
9.720195 1.658982 184.000000
9.720195 2.182343 185.000000
9.720195 2.758039 186.000000
9.720195 3.391305 187.000000
9.720195 4.087898 188.000000
9.720195 4.854150 189.000000
9.720195 5.697027 190.000000
9.720195 6.624192 191.000000
9.720195 7.644074 192.000000
9.720195 8.765943 193.000000
9.720195 10.000000 194.000000
11.000000 0.357462 195.000000
11.000000 0.750671 196.000000
11.000000 1.183200 197.000000
11.000000 1.658982 198.000000
11.000000 2.182343 199.000000
11.000000 2.758039 200.000000
11.000000 3.391305 201.000000
11.000000 4.087898 202.000000
11.000000 4.854150 203.000000
11.000000 5.697027 204.000000
11.000000 6.624192 205.000000
11.000000 7.644074 206.000000
11.000000 8.765943 207.000000
11.000000 10.000000 208.000000
1.000000 -0.357462 209.000000
1.000000 -0.750671 210.000000
1.000000 -1.183200 211.000000
1.000000 -1.658982 212.000000
1.000000 -2.182343 213.000000
1.000000 -2.758039 214.000000
1.000000 -3.391305 215.000000
1.000000 -4.087898 216.000000
1.000000 -4.854150 217.000000
1.000000 -5.697027 218.000000
1.000000 -6.624192 219.000000
1.000000 -7.644074 220.000000
1.000000 -8.765943 221.000000
1.000000 -10.000000 222.000000
1.407785 -0.357462 223.000000
1.407785 -0.750671 224.000000
1.407785 -1.183200 225.000000
1.407785 -1.658982 226.000000
1.407785 -2.182343 227.000000
1.407785 -2.758039 228.000000
1.407785 -3.391305 229.000000
1.407785 -4.087898 230.000000
1.407785 -4.854150 231.000000
1.407785 -5.697027 232.000000
1.407785 -6.624192 233.000000
1.407785 -7.644074 234.000000
1.407785 -8.765943 235.000000
1.407785 -10.000000 236.000000
1.856349 -0.357462 237.000000
1.856349 -0.750671 238.000000
1.856349 -1.183200 239.000000
1.856349 -1.658982 240.000000
1.856349 -2.182343 241.000000
1.856349 -2.758039 242.000000
1.856349 -3.391305 243.000000
1.856349 -4.087898 244.000000
1.856349 -4.854150 245.000000
1.856349 -5.697027 246.000000
1.856349 -6.624192 247.000000
1.856349 -7.644074 248.000000
1.856349 -8.765943 249.000000
1.856349 -10.000000 250.000000
2.349769 -0.357462 251.000000
2.349769 -0.750671 252.000000
2.349769 -1.183200 253.000000
2.349769 -1.658982 254.000000
2.349769 -2.182343 255.000000
2.349769 -2.758039 256.000000
2.349769 -3.391305 257.000000
2.349769 -4.087898 258.000000
2.349769 -4.854150 259.000000
2.349769 -5.697027 260.000000
2.349769 -6.624192 261.000000
2.349769 -7.644074 262.000000
2.349769 -8.765943 263.000000
2.349769 -10.000000 264.000000
2.892531 -0.357462 265.000000
2.892531 -0.750671 266.000000
2.892531 -1.183200 267.000000
2.892531 -1.658982 268.000000
2.892531 -2.182343 269.000000
2.892531 -2.758039 270.000000
2.892531 -3.391305 271.000000
2.892531 -4.087898 272.000000
2.892531 -4.854150 273.000000
2.892531 -5.697027 274.000000
2.892531 -6.624192 275.000000
2.892531 -7.644074 276.000000
2.892531 -8.765943 277.000000
2.892531 -10.000000 278.000000
3.489570 -0.357462 279.000000
3.489570 -0.750671 280.000000
3.489570 -1.183200 281.000000
3.489570 -1.658982 282.000000
3.489570 -2.182343 283.000000
3.489570 -2.758039 284.000000
3.489570 -3.391305 285.000000
3.489570 -4.087898 286.000000
3.489570 -4.854150 287.000000
3.489570 -5.697027 288.000000
3.489570 -6.624192 289.000000
3.489570 -7.644074 290.000000
3.489570 -8.765943 291.000000
3.489570 -10.000000 292.000000
4.146312 -0.357462 293.000000
4.146312 -0.750671 294.000000
4.146312 -1.183200 295.000000
4.146312 -1.658982 296.000000
4.146312 -2.182343 297.000000
4.146312 -2.758039 298.000000
4.146312 -3.391305 299.000000
4.146312 -4.087898 300.000000
4.146312 -4.854150 301.000000
4.146312 -5.697027 302.000000
4.146312 -6.624192 303.000000
4.146312 -7.644074 304.000000
4.146312 -8.765943 305.000000
4.146312 -10.000000 306.000000
4.868728 -0.357462 307.000000
4.868728 -0.750671 308.000000
4.868728 -1.183200 309.000000
4.868728 -1.658982 310.000000
4.868728 -2.182343 311.000000
4.868728 -2.758039 312.000000
4.868728 -3.391305 313.000000
4.868728 -4.087898 314.000000
4.868728 -4.854150 315.000000
4.868728 -5.697027 316.000000
4.868728 -6.624192 317.000000
4.868728 -7.644074 318.000000
4.868728 -8.765943 319.000000
4.868728 -10.000000 320.000000
5.663386 -0.357462 321.000000
5.663386 -0.750671 322.000000
5.663386 -1.183200 323.000000
5.663386 -1.658982 324.000000
5.663386 -2.182343 325.000000
5.663386 -2.758039 326.000000
5.663386 -3.391305 327.000000
5.663386 -4.087898 328.000000
5.663386 -4.854150 329.000000
5.663386 -5.697027 330.000000
5.663386 -6.624192 331.000000
5.663386 -7.644074 332.000000
5.663386 -8.765943 333.000000
5.663386 -10.000000 334.000000
6.537510 -0.357462 335.000000
6.537510 -0.750671 336.000000
6.537510 -1.183200 337.000000
6.537510 -1.658982 338.000000
6.537510 -2.182343 339.000000
6.537510 -2.758039 340.000000
6.537510 -3.391305 341.000000
6.537510 -4.087898 342.000000
6.537510 -4.854150 343.000000
6.537510 -5.697027 344.000000
6.537510 -6.624192 345.000000
6.537510 -7.644074 346.000000
6.537510 -8.765943 347.000000
6.537510 -10.000000 348.000000
7.499046 -0.357462 349.000000
7.499046 -0.750671 350.000000
7.499046 -1.183200 351.000000
7.499046 -1.658982 352.000000
7.499046 -2.182343 353.000000
7.499046 -2.758039 354.000000
7.499046 -3.391305 355.000000
7.499046 -4.087898 356.000000
7.499046 -4.854150 357.000000
7.499046 -5.697027 358.000000
7.499046 -6.624192 359.000000
7.499046 -7.644074 360.000000
7.499046 -8.765943 361.000000
7.499046 -10.000000 362.000000
8.556736 -0.357462 363.000000
8.556736 -0.750671 364.000000
8.556736 -1.183200 365.000000
8.556736 -1.658982 366.000000
8.556736 -2.182343 367.000000
8.556736 -2.758039 368.000000
8.556736 -3.391305 369.000000
8.556736 -4.087898 370.000000
8.556736 -4.854150 371.000000
8.556736 -5.697027 372.000000
8.556736 -6.624192 373.000000
8.556736 -7.644074 374.000000
8.556736 -8.765943 375.000000
8.556736 -10.000000 376.000000
9.720195 -0.357462 377.000000
9.720195 -0.750671 378.000000
9.720195 -1.183200 379.000000
9.720195 -1.658982 380.000000
9.720195 -2.182343 381.000000
9.720195 -2.758039 382.000000
9.720195 -3.391305 383.000000
9.720195 -4.087898 384.000000
9.720195 -4.854150 385.000000
9.720195 -5.697027 386.000000
9.720195 -6.624192 387.000000
9.720195 -7.644074 388.000000
9.720195 -8.765943 389.000000
9.720195 -10.000000 390.000000
11.000000 -0.357462 391.000000
11.000000 -0.750671 392.000000
11.000000 -1.183200 393.000000
11.000000 -1.658982 394.000000
11.000000 -2.182343 395.000000
11.000000 -2.758039 396.000000
11.000000 -3.391305 397.000000
11.000000 -4.087898 398.000000
11.000000 -4.854150 399.000000
11.000000 -5.697027 400.000000
11.000000 -6.624192 401.000000
11.000000 -7.644074 402.000000
11.000000 -8.765943 403.000000
11.000000 -10.000000 404.000000
1.000000 -0.000000 405.000000
0.941085 -0.352574 406.000000
0.876278 -0.740405 407.000000
0.804991 -1.167019 408.000000
0.726575 -1.636295 409.000000
0.640317 -2.152498 410.000000
0.545433 -2.720322 411.000000
0.441062 -3.344927 412.000000
0.326253 -4.031994 413.000000
0.199963 -4.787767 414.000000
0.061044 -5.619118 415.000000
-0.091767 -6.533603 416.000000
-0.259859 -7.539537 417.000000
-0.444760 -8.646065 418.000000
-0.648151 -9.863245 419.000000
0.931448 -0.003115 420.000000
0.809648 -0.339187 421.000000
0.675668 -0.708866 422.000000
0.528290 -1.115512 423.000000
0.366175 -1.562823 424.000000
0.187848 -2.054866 425.000000
-0.008312 -2.596112 426.000000
-0.224088 -3.191483 427.000000
-0.461441 -3.846392 428.000000
-0.722530 -4.566791 429.000000
-1.009727 -5.359230 430.000000
-1.325644 -6.230913 431.000000
-1.673153 -7.189764 432.000000
-2.055413 -8.244501 433.000000
-2.475899 -9.404711 434.000000
0.750281 -0.019493 435.000000
0.564038 -0.324604 436.000000
0.359171 -0.660226 437.000000
0.133817 -1.029411 438.000000
-0.114072 -1.435514 439.000000
-0.386750 -1.882227 440.000000
-0.686696 -2.373612 441.000000
-1.016637 -2.914135 442.000000
-1.379571 -3.508710 443.000000
-1.778800 -4.162743 444.000000
-2.217950 -4.882180 445.000000
-2.701016 -5.673560 446.000000
-3.232389 -6.544077 447.000000
-3.816899 -7.501647 448.000000
-4.459860 -8.554974 449.000000
0.513250 -0.043965 450.000000
0.264816 -0.300986 451.000000
-0.008462 -0.583708 452.000000
-0.309068 -0.894703 453.000000
-0.639734 -1.236797 454.000000
-1.003467 -1.613101 455.000000
-1.403573 -2.027035 456.000000
-1.843690 -2.482363 457.000000
-2.327819 -2.983223 458.000000
-2.860360 -3.534169 459.000000
-3.446156 -4.140210 460.000000
-4.090531 -4.806855 461.000000
-4.799343 -5.540165 462.000000
-5.579037 -6.346806 463.000000
-6.436700 -7.234110 464.000000
0.280269 -0.058693 465.000000
-0.022598 -0.248564 466.000000
-0.355752 -0.457421 467.000000
-0.722221 -0.687164 468.000000
-1.125337 -0.939882 469.000000
-1.568765 -1.217871 470.000000
-2.056536 -1.523659 471.000000
-2.593083 -1.860026 472.000000
-3.183285 -2.230029 473.000000
-3.832508 -2.637033 474.000000
-4.546653 -3.084738 475.000000
-5.332212 -3.577212 476.000000
-6.196328 -4.118935 477.000000
-7.146854 -4.714829 478.000000
-8.192434 -5.370313 479.000000
0.098680 -0.050397 480.000000
-0.243515 -0.153750 481.000000
-0.619929 -0.267438 482.000000
-1.033985 -0.392496 483.000000
-1.489447 -0.530059 484.000000
-1.990454 -0.681378 485.000000
-2.541563 -0.847830 486.000000
-3.147782 -1.030926 487.000000
-3.814623 -1.232333 488.000000
-4.548148 -1.453879 489.000000
-5.355026 -1.697581 490.000000
-6.242591 -1.965652 491.000000
-7.218913 -2.260531 492.000000
-8.292868 -2.584898 493.000000
-9.474217 -2.941701 494.000000
0.000000 -0.019808 495.000000
-0.357462 -0.019808 496.000000
-0.750671 -0.019808 497.000000
-1.183200 -0.019808 498.000000
-1.658982 -0.019808 499.000000
-2.182343 -0.019808 500.000000
-2.758039 -0.019808 501.000000
-3.391305 -0.019808 502.000000
-4.087898 -0.019808 503.000000
-4.854150 -0.019808 504.000000
-5.697027 -0.019808 505.000000
-6.624192 -0.019808 506.000000
-7.644074 -0.019808 507.000000
-8.765943 -0.019808 508.000000
-10.000000 -0.019808 509.000000
0.000000 0.019808 510.000000
-0.342195 0.123161 511.000000
-0.718609 0.236849 512.000000
-1.132665 0.361907 513.000000
-1.588127 0.499470 514.000000
-2.089134 0.650789 515.000000
-2.640243 0.817241 516.000000
-3.246462 1.000337 517.000000
-3.913303 1.201743 518.000000
-4.646828 1.423290 519.000000
-5.453706 1.666992 520.000000
-6.341271 1.935063 521.000000
-7.317593 2.229942 522.000000
-8.391547 2.554309 523.000000
-9.572897 2.911112 524.000000
0.098680 0.050397 525.000000
-0.204187 0.240267 526.000000
-0.537341 0.449124 527.000000
-0.903810 0.678868 528.000000
-1.306927 0.931585 529.000000
-1.750354 1.209574 530.000000
-2.238125 1.515362 531.000000
-2.774672 1.851729 532.000000
-3.364875 2.221733 533.000000
-4.014097 2.628737 534.000000
-4.728242 3.076441 535.000000
-5.513802 3.568916 536.000000
-6.377917 4.110638 537.000000
-7.328444 4.706533 538.000000
-8.374023 5.362017 539.000000
0.280269 0.058693 540.000000
0.031835 0.315714 541.000000
-0.241443 0.598436 542.000000
-0.542049 0.909431 543.000000
-0.872715 1.251526 544.000000
-1.236448 1.627829 545.000000
-1.636554 2.041763 546.000000
-2.076671 2.497091 547.000000
-2.560800 2.997951 548.000000
-3.093341 3.548898 549.000000
-3.679137 4.154939 550.000000
-4.323512 4.821584 551.000000
-5.032324 5.554893 552.000000
-5.812018 6.361534 553.000000
-6.669681 7.248838 554.000000
0.513250 0.043965 555.000000
0.327007 0.349076 556.000000
0.122140 0.684699 557.000000
-0.103214 1.053883 558.000000
-0.351103 1.459986 559.000000
-0.623781 1.906699 560.000000
-0.923727 2.398084 561.000000
-1.253668 2.938607 562.000000
-1.616602 3.533183 563.000000
-2.015830 4.187216 564.000000
-2.454981 4.906652 565.000000
-2.938047 5.698032 566.000000
-3.469420 6.568550 567.000000
-4.053930 7.526119 568.000000
-4.696891 8.579446 569.000000
0.750281 0.019493 570.000000
0.628481 0.355564 571.000000
0.494501 0.725243 572.000000
0.347124 1.131890 573.000000
0.185008 1.579201 574.000000
0.006681 2.071243 575.000000
-0.189479 2.612490 576.000000
-0.405254 3.207861 577.000000
-0.642608 3.862769 578.000000
-0.903696 4.583168 579.000000
-1.190894 5.375607 580.000000
-1.506811 6.247290 581.000000
-1.854320 7.206142 582.000000
-2.236580 8.260878 583.000000
-2.657066 9.421088 584.000000
0.931448 0.003115 585.000000
0.872532 0.355689 586.000000
0.807726 0.743520 587.000000
0.736438 1.170135 588.000000
0.658022 1.639410 589.000000
0.571765 2.155613 590.000000
0.476881 2.723437 591.000000
0.372509 3.348043 592.000000
0.257700 4.035109 593.000000
0.131410 4.790883 594.000000
-0.007509 5.622233 595.000000
-0.160319 6.536719 596.000000
-0.328411 7.542653 597.000000
-0.513312 8.649180 598.000000
-0.716704 9.866360 599.000000
