# C mesh points (x, y) in the format: x y
1.000000 -0.000000
1.736405 -0.000000
2.546451 -0.000000
3.437502 -0.000000
4.417657 -0.000000
5.495829 -0.000000
6.681817 -0.000000
7.986404 -0.000000
9.421450 -0.000000
11.000000 -0.000000
1.000000 0.627454
1.736405 0.627454
2.546451 0.627454
3.437502 0.627454
4.417657 0.627454
5.495829 0.627454
6.681817 0.627454
7.986404 0.627454
9.421450 0.627454
11.000000 0.627454
1.000000 1.317653
1.736405 1.317653
2.546451 1.317653
3.437502 1.317653
4.417657 1.317653
5.495829 1.317653
6.681817 1.317653
7.986404 1.317653
9.421450 1.317653
11.000000 1.317653
1.000000 2.076873
1.736405 2.076873
2.546451 2.076873
3.437502 2.076873
4.417657 2.076873
5.495829 2.076873
6.681817 2.076873
7.986404 2.076873
9.421450 2.076873
11.000000 2.076873
1.000000 2.912014
1.736405 2.912014
2.546451 2.912014
3.437502 2.912014
4.417657 2.912014
5.495829 2.912014
6.681817 2.912014
7.986404 2.912014
9.421450 2.912014
11.000000 2.912014
1.000000 3.830669
1.736405 3.830669
2.546451 3.830669
3.437502 3.830669
4.417657 3.830669
5.495829 3.830669
6.681817 3.830669
7.986404 3.830669
9.421450 3.830669
11.000000 3.830669
1.000000 4.841190
1.736405 4.841190
2.546451 4.841190
3.437502 4.841190
4.417657 4.841190
5.495829 4.841190
6.681817 4.841190
7.986404 4.841190
9.421450 4.841190
11.000000 4.841190
1.000000 5.952763
1.736405 5.952763
2.546451 5.952763
3.437502 5.952763
4.417657 5.952763
5.495829 5.952763
6.681817 5.952763
7.986404 5.952763
9.421450 5.952763
11.000000 5.952763
1.000000 7.175493
1.736405 7.175493
2.546451 7.175493
3.437502 7.175493
4.417657 7.175493
5.495829 7.175493
6.681817 7.175493
7.986404 7.175493
9.421450 7.175493
11.000000 7.175493
1.000000 8.520496
1.736405 8.520496
2.546451 8.520496
3.437502 8.520496
4.417657 8.520496
5.495829 8.520496
6.681817 8.520496
7.986404 8.520496
9.421450 8.520496
11.000000 8.520496
1.000000 10.000000
1.736405 10.000000
2.546451 10.000000
3.437502 10.000000
4.417657 10.000000
5.495829 10.000000
6.681817 10.000000
7.986404 10.000000
9.421450 10.000000
11.000000 10.000000
1.000000 -0.627454
1.736405 -0.627454
2.546451 -0.627454
3.437502 -0.627454
4.417657 -0.627454
5.495829 -0.627454
6.681817 -0.627454
7.986404 -0.627454
9.421450 -0.627454
11.000000 -0.627454
1.000000 -1.317653
1.736405 -1.317653
2.546451 -1.317653
3.437502 -1.317653
4.417657 -1.317653
5.495829 -1.317653
6.681817 -1.317653
7.986404 -1.317653
9.421450 -1.317653
11.000000 -1.317653
1.000000 -2.076873
1.736405 -2.076873
2.546451 -2.076873
3.437502 -2.076873
4.417657 -2.076873
5.495829 -2.076873
6.681817 -2.076873
7.986404 -2.076873
9.421450 -2.076873
11.000000 -2.076873
1.000000 -2.912014
1.736405 -2.912014
2.546451 -2.912014
3.437502 -2.912014
4.417657 -2.912014
5.495829 -2.912014
6.681817 -2.912014
7.986404 -2.912014
9.421450 -2.912014
11.000000 -2.912014
1.000000 -3.830669
1.736405 -3.830669
2.546451 -3.830669
3.437502 -3.830669
4.417657 -3.830669
5.495829 -3.830669
6.681817 -3.830669
7.986404 -3.830669
9.421450 -3.830669
11.000000 -3.830669
1.000000 -4.841190
1.736405 -4.841190
2.546451 -4.841190
3.437502 -4.841190
4.417657 -4.841190
5.495829 -4.841190
6.681817 -4.841190
7.986404 -4.841190
9.421450 -4.841190
11.000000 -4.841190
1.000000 -5.952763
1.736405 -5.952763
2.546451 -5.952763
3.437502 -5.952763
4.417657 -5.952763
5.495829 -5.952763
6.681817 -5.952763
7.986404 -5.952763
9.421450 -5.952763
11.000000 -5.952763
1.000000 -7.175493
1.736405 -7.175493
2.546451 -7.175493
3.437502 -7.175493
4.417657 -7.175493
5.495829 -7.175493
6.681817 -7.175493
7.986404 -7.175493
9.421450 -7.175493
11.000000 -7.175493
1.000000 -8.520496
1.736405 -8.520496
2.546451 -8.520496
3.437502 -8.520496
4.417657 -8.520496
5.495829 -8.520496
6.681817 -8.520496
7.986404 -8.520496
9.421450 -8.520496
11.000000 -8.520496
1.000000 -10.000000
1.736405 -10.000000
2.546451 -10.000000
3.437502 -10.000000
4.417657 -10.000000
5.495829 -10.000000
6.681817 -10.000000
7.986404 -10.000000
9.421450 -10.000000
11.000000 -10.000000
0.840336 -0.606800
0.539704 -0.542532
0.079610 -0.439823
-0.337826 -0.272813
-0.564711 -0.028382
-0.564711 0.028382
-0.337826 0.272813
0.079610 0.439823
0.539704 0.542532
0.840336 0.606800
0.664706 -1.274279
0.187462 -1.129744
-0.420233 -0.877475
-0.930748 -0.507369
-1.185894 -0.028382
-1.185894 0.028382
-0.930748 0.507369
-0.420233 0.877475
0.187462 1.129744
0.664706 1.274279
0.471513 -2.008507
-0.200006 -1.775677
-0.970060 -1.358892
-1.582963 -0.765381
-1.869195 -0.028382
-1.869195 0.028382
-1.582963 0.765381
-0.970060 1.358892
-0.200006 1.775677
0.471513 2.008507
0.259000 -2.816158
-0.626220 -2.486203
-1.574869 -1.888451
-2.300399 -1.049194
-2.620825 -0.028382
-2.620825 0.028382
-2.300399 1.049194
-1.574869 1.888451
-0.626220 2.486203
0.259000 2.816158
0.025236 -3.704573
-1.095055 -3.267782
-2.240160 -2.470966
-3.089579 -1.361388
-3.447619 -0.028382
-3.447619 0.028382
-3.089579 1.361388
-2.240160 2.470966
-1.095055 3.267782
0.025236 3.704573
-0.231904 -4.681830
-1.610774 -4.127519
-2.971980 -3.111733
-3.957677 -1.704802
-4.357093 -0.028382
-4.357093 0.028382
-3.957677 1.704802
-2.971980 3.111733
-1.610774 4.127519
-0.231904 4.681830
-0.514758 -5.756813
-2.178065 -5.073230
-3.776981 -3.816576
-4.912585 -2.082558
-5.357513 -0.028382
-5.357513 0.028382
-4.912585 2.082558
-3.776981 3.816576
-2.178065 5.073230
-0.514758 5.756813
-0.825898 -6.939294
-2.802085 -6.113511
-4.662483 -4.591903
-5.962983 -2.498088
-6.457976 -0.028382
-6.457976 0.028382
-5.962983 2.498088
-4.662483 4.591903
-2.802085 6.113511
-0.825898 6.939294
-1.168152 -8.240023
-3.488507 -7.257821
-5.636535 -5.444763
-7.118421 -2.955172
-7.668485 -0.028382
-7.668485 0.028382
-7.118421 2.955172
-5.636535 5.444763
-3.488507 7.257821
-1.168152 8.240023
-1.544631 -9.670825
-4.243571 -8.516561
-6.707992 -6.382909
-8.389404 -3.457965
-9.000045 -0.028382
-9.000045 0.028382
-8.389404 3.457965
-6.707992 6.382909
-4.243571 8.516561
-1.544631 9.670825
