# C mesh points (x, y) in the format: x y
1.000000 0.000000 0.000000
1.736405 0.000000 1.000000
2.546451 0.000000 2.000000
3.437502 0.000000 3.000000
4.417657 0.000000 4.000000
5.495829 0.000000 5.000000
6.681817 0.000000 6.000000
7.986404 0.000000 7.000000
9.421450 0.000000 8.000000
11.000000 0.000000 9.000000
1.000000 0.627454 10.000000
1.736405 0.627454 11.000000
2.546451 0.627454 12.000000
3.437502 0.627454 13.000000
4.417657 0.627454 14.000000
5.495829 0.627454 15.000000
6.681817 0.627454 16.000000
7.986404 0.627454 17.000000
9.421450 0.627454 18.000000
11.000000 0.627454 19.000000
1.000000 1.317653 20.000000
1.736405 1.317653 21.000000
2.546451 1.317653 22.000000
3.437502 1.317653 23.000000
4.417657 1.317653 24.000000
5.495829 1.317653 25.000000
6.681817 1.317653 26.000000
7.986404 1.317653 27.000000
9.421450 1.317653 28.000000
11.000000 1.317653 29.000000
1.000000 2.076873 30.000000
1.736405 2.076873 31.000000
2.546451 2.076873 32.000000
3.437502 2.076873 33.000000
4.417657 2.076873 34.000000
5.495829 2.076873 35.000000
6.681817 2.076873 36.000000
7.986404 2.076873 37.000000
9.421450 2.076873 38.000000
11.000000 2.076873 39.000000
1.000000 2.912014 40.000000
1.736405 2.912014 41.000000
2.546451 2.912014 42.000000
3.437502 2.912014 43.000000
4.417657 2.912014 44.000000
5.495829 2.912014 45.000000
6.681817 2.912014 46.000000
7.986404 2.912014 47.000000
9.421450 2.912014 48.000000
11.000000 2.912014 49.000000
1.000000 3.830669 50.000000
1.736405 3.830669 51.000000
2.546451 3.830669 52.000000
3.437502 3.830669 53.000000
4.417657 3.830669 54.000000
5.495829 3.830669 55.000000
6.681817 3.830669 56.000000
7.986404 3.830669 57.000000
9.421450 3.830669 58.000000
11.000000 3.830669 59.000000
1.000000 4.841190 60.000000
1.736405 4.841190 61.000000
2.546451 4.841190 62.000000
3.437502 4.841190 63.000000
4.417657 4.841190 64.000000
5.495829 4.841190 65.000000
6.681817 4.841190 66.000000
7.986404 4.841190 67.000000
9.421450 4.841190 68.000000
11.000000 4.841190 69.000000
1.000000 5.952763 70.000000
1.736405 5.952763 71.000000
2.546451 5.952763 72.000000
3.437502 5.952763 73.000000
4.417657 5.952763 74.000000
5.495829 5.952763 75.000000
6.681817 5.952763 76.000000
7.986404 5.952763 77.000000
9.421450 5.952763 78.000000
11.000000 5.952763 79.000000
1.000000 7.175493 80.000000
1.736405 7.175493 81.000000
2.546451 7.175493 82.000000
3.437502 7.175493 83.000000
4.417657 7.175493 84.000000
5.495829 7.175493 85.000000
6.681817 7.175493 86.000000
7.986404 7.175493 87.000000
9.421450 7.175493 88.000000
11.000000 7.175493 89.000000
1.000000 8.520496 90.000000
1.736405 8.520496 91.000000
2.546451 8.520496 92.000000
3.437502 8.520496 93.000000
4.417657 8.520496 94.000000
5.495829 8.520496 95.000000
6.681817 8.520496 96.000000
7.986404 8.520496 97.000000
9.421450 8.520496 98.000000
11.000000 8.520496 99.000000
1.000000 10.000000 100.000000
1.736405 10.000000 101.000000
2.546451 10.000000 102.000000
3.437502 10.000000 103.000000
4.417657 10.000000 104.000000
5.495829 10.000000 105.000000
6.681817 10.000000 106.000000
7.986404 10.000000 107.000000
9.421450 10.000000 108.000000
11.000000 10.000000 109.000000
1.000000 -0.627454 110.000000
1.736405 -0.627454 111.000000
2.546451 -0.627454 112.000000
3.437502 -0.627454 113.000000
4.417657 -0.627454 114.000000
5.495829 -0.627454 115.000000
6.681817 -0.627454 116.000000
7.986404 -0.627454 117.000000
9.421450 -0.627454 118.000000
11.000000 -0.627454 119.000000
1.000000 -1.317653 120.000000
1.736405 -1.317653 121.000000
2.546451 -1.317653 122.000000
3.437502 -1.317653 123.000000
4.417657 -1.317653 124.000000
5.495829 -1.317653 125.000000
6.681817 -1.317653 126.000000
7.986404 -1.317653 127.000000
9.421450 -1.317653 128.000000
11.000000 -1.317653 129.000000
1.000000 -2.076873 130.000000
1.736405 -2.076873 131.000000
2.546451 -2.076873 132.000000
3.437502 -2.076873 133.000000
4.417657 -2.076873 134.000000
5.495829 -2.076873 135.000000
6.681817 -2.076873 136.000000
7.986404 -2.076873 137.000000
9.421450 -2.076873 138.000000
11.000000 -2.076873 139.000000
1.000000 -2.912014 140.000000
1.736405 -2.912014 141.000000
2.546451 -2.912014 142.000000
3.437502 -2.912014 143.000000
4.417657 -2.912014 144.000000
5.495829 -2.912014 145.000000
6.681817 -2.912014 146.000000
7.986404 -2.912014 147.000000
9.421450 -2.912014 148.000000
11.000000 -2.912014 149.000000
1.000000 -3.830669 150.000000
1.736405 -3.830669 151.000000
2.546451 -3.830669 152.000000
3.437502 -3.830669 153.000000
4.417657 -3.830669 154.000000
5.495829 -3.830669 155.000000
6.681817 -3.830669 156.000000
7.986404 -3.830669 157.000000
9.421450 -3.830669 158.000000
11.000000 -3.830669 159.000000
1.000000 -4.841190 160.000000
1.736405 -4.841190 161.000000
2.546451 -4.841190 162.000000
3.437502 -4.841190 163.000000
4.417657 -4.841190 164.000000
5.495829 -4.841190 165.000000
6.681817 -4.841190 166.000000
7.986404 -4.841190 167.000000
9.421450 -4.841190 168.000000
11.000000 -4.841190 169.000000
1.000000 -5.952763 170.000000
1.736405 -5.952763 171.000000
2.546451 -5.952763 172.000000
3.437502 -5.952763 173.000000
4.417657 -5.952763 174.000000
5.495829 -5.952763 175.000000
6.681817 -5.952763 176.000000
7.986404 -5.952763 177.000000
9.421450 -5.952763 178.000000
11.000000 -5.952763 179.000000
1.000000 -7.175493 180.000000
1.736405 -7.175493 181.000000
2.546451 -7.175493 182.000000
3.437502 -7.175493 183.000000
4.417657 -7.175493 184.000000
5.495829 -7.175493 185.000000
6.681817 -7.175493 186.000000
7.986404 -7.175493 187.000000
9.421450 -7.175493 188.000000
11.000000 -7.175493 189.000000
1.000000 -8.520496 190.000000
1.736405 -8.520496 191.000000
2.546451 -8.520496 192.000000
3.437502 -8.520496 193.000000
4.417657 -8.520496 194.000000
5.495829 -8.520496 195.000000
6.681817 -8.520496 196.000000
7.986404 -8.520496 197.000000
9.421450 -8.520496 198.000000
11.000000 -8.520496 199.000000
1.000000 -10.000000 200.000000
1.736405 -10.000000 201.000000
2.546451 -10.000000 202.000000
3.437502 -10.000000 203.000000
4.417657 -10.000000 204.000000
5.495829 -10.000000 205.000000
6.681817 -10.000000 206.000000
7.986404 -10.000000 207.000000
9.421450 -10.000000 208.000000
11.000000 -10.000000 209.000000
0.840336 -0.606800 210.000000
0.562613 -0.549604 211.000000
0.130732 -0.445740 212.000000
-0.291646 -0.273647 213.000000
-0.536450 -0.028485 214.000000
-0.536450 0.028485 215.000000
-0.291646 0.273647 216.000000
0.130732 0.445740 217.000000
0.562613 0.549604 218.000000
0.840336 0.606800 219.000000
0.664706 -1.274279 220.000000
0.210162 -1.137162 221.000000
-0.370968 -0.885019 222.000000
-0.887457 -0.509346 223.000000
-1.159713 -0.028485 224.000000
-1.159713 0.028485 225.000000
-0.887457 0.509346 226.000000
-0.370968 0.885019 227.000000
0.210162 1.137162 228.000000
0.664706 1.274279 229.000000
0.471513 -2.008507 230.000000
-0.177533 -1.783475 231.000000
-0.922839 -1.368226 232.000000
-1.542849 -0.768614 233.000000
-1.845303 -0.028485 234.000000
-1.845303 0.028485 235.000000
-1.542849 0.768614 236.000000
-0.922839 1.368226 237.000000
-0.177533 1.783475 238.000000
0.471513 2.008507 239.000000
0.259000 -2.816158 240.000000
-0.603998 -2.494419 241.000000
-1.529897 -1.899754 242.000000
-2.263780 -1.053810 243.000000
-2.599453 -0.028485 244.000000
-2.599453 0.028485 245.000000
-2.263780 1.053810 246.000000
-1.529897 1.899754 247.000000
-0.603998 2.494419 248.000000
0.259000 2.816158 249.000000
0.025236 -3.704573 250.000000
-1.073110 -3.276459 251.000000
-2.197661 -2.484434 252.000000
-3.056805 -1.367525 253.000000
-3.429017 -0.028485 254.000000
-3.429017 0.028485 255.000000
-3.056805 1.367525 256.000000
-2.197661 2.484434 257.000000
-1.073110 3.276459 258.000000
0.025236 3.704573 259.000000
-0.231904 -4.681830 260.000000
-1.589132 -4.136702 261.000000
-2.932201 -3.127583 262.000000
-3.929132 -1.712612 263.000000
-4.341537 -0.028485 264.000000
-4.341537 0.028485 265.000000
-3.929132 1.712612 266.000000
-2.932201 3.127583 267.000000
-1.589132 4.136702 268.000000
-0.231904 4.681830 269.000000
-0.514758 -5.756813 270.000000
-2.156757 -5.082969 271.000000
-3.740195 -3.835046 272.000000
-4.888691 -2.092208 273.000000
-5.345309 -0.028485 274.000000
-5.345309 0.028485 275.000000
-4.888691 2.092208 276.000000
-3.740195 3.835046 277.000000
-2.156757 5.082969 278.000000
-0.514758 5.756813 279.000000
-0.825898 -6.939294 280.000000
-2.781145 -6.123863 281.000000
-4.628989 -4.613256 282.000000
-5.944206 -2.509763 283.000000
-6.449459 -0.028485 284.000000
-6.449459 0.028485 285.000000
-5.944206 2.509763 286.000000
-4.628989 4.613256 287.000000
-2.781145 6.123863 288.000000
-0.825898 6.939294 289.000000
-1.168152 -8.240023 290.000000
-3.467971 -7.268847 291.000000
-5.606662 -5.469286 292.000000
-7.105273 -2.969073 293.000000
-7.664024 -0.028485 294.000000
-7.664024 0.028485 295.000000
-7.105273 2.969073 296.000000
-5.606662 5.469286 297.000000
-3.467971 7.268847 298.000000
-1.168152 8.240023 299.000000
-1.544631 -9.670825 300.000000
-4.223480 -8.528328 301.000000
-6.682102 -6.410920 302.000000
-8.382447 -3.474315 303.000000
-9.000045 -0.028485 304.000000
-9.000045 0.028485 305.000000
-8.382447 3.474315 306.000000
-6.682102 6.410920 307.000000
-4.223480 8.528328 308.000000
-1.544631 9.670825 309.000000
