# C mesh points (x, y) in the format: x y
2.637975 -0.000000 0.000000
4.439747 -0.000000 1.000000
6.421697 -0.000000 2.000000
8.601841 -0.000000 3.000000
11.000000 -0.000000 4.000000
1.000000 1.296074 5.000000
1.000000 2.721755 6.000000
1.000000 4.290004 7.000000
1.000000 6.015079 8.000000
1.000000 7.912660 9.000000
1.000000 10.000000 10.000000
2.637975 1.296074 11.000000
2.637975 2.721755 12.000000
2.637975 4.290004 13.000000
2.637975 6.015079 14.000000
2.637975 7.912660 15.000000
2.637975 10.000000 16.000000
4.439747 1.296074 17.000000
4.439747 2.721755 18.000000
4.439747 4.290004 19.000000
4.439747 6.015079 20.000000
4.439747 7.912660 21.000000
4.439747 10.000000 22.000000
6.421697 1.296074 23.000000
6.421697 2.721755 24.000000
6.421697 4.290004 25.000000
6.421697 6.015079 26.000000
6.421697 7.912660 27.000000
6.421697 10.000000 28.000000
8.601841 1.296074 29.000000
8.601841 2.721755 30.000000
8.601841 4.290004 31.000000
8.601841 6.015079 32.000000
8.601841 7.912660 33.000000
8.601841 10.000000 34.000000
11.000000 1.296074 35.000000
11.000000 2.721755 36.000000
11.000000 4.290004 37.000000
11.000000 6.015079 38.000000
11.000000 7.912660 39.000000
11.000000 10.000000 40.000000
1.000000 -1.296074 41.000000
1.000000 -2.721755 42.000000
1.000000 -4.290004 43.000000
1.000000 -6.015079 44.000000
1.000000 -7.912660 45.000000
1.000000 -10.000000 46.000000
2.637975 -1.296074 47.000000
2.637975 -2.721755 48.000000
2.637975 -4.290004 49.000000
2.637975 -6.015079 50.000000
2.637975 -7.912660 51.000000
2.637975 -10.000000 52.000000
4.439747 -1.296074 53.000000
4.439747 -2.721755 54.000000
4.439747 -4.290004 55.000000
4.439747 -6.015079 56.000000
4.439747 -7.912660 57.000000
4.439747 -10.000000 58.000000
6.421697 -1.296074 59.000000
6.421697 -2.721755 60.000000
6.421697 -4.290004 61.000000
6.421697 -6.015079 62.000000
6.421697 -7.912660 63.000000
6.421697 -10.000000 64.000000
8.601841 -1.296074 65.000000
8.601841 -2.721755 66.000000
8.601841 -4.290004 67.000000
8.601841 -6.015079 68.000000
8.601841 -7.912660 69.000000
8.601841 -10.000000 70.000000
11.000000 -1.296074 71.000000
11.000000 -2.721755 72.000000
11.000000 -4.290004 73.000000
11.000000 -6.015079 74.000000
11.000000 -7.912660 75.000000
11.000000 -10.000000 76.000000
1.000000 -0.000000 77.000000
0.437655 -1.167722 78.000000
-0.180925 -2.452217 79.000000
-0.861363 -3.865160 80.000000
-1.609845 -5.419398 81.000000
-2.433175 -7.129060 82.000000
-3.338837 -9.009689 83.000000
0.580725 -0.036915 84.000000
-0.432586 -0.845003 85.000000
-1.547229 -1.733901 86.000000
-2.773335 -2.711688 87.000000
-4.122053 -3.787255 88.000000
-5.605642 -4.970377 89.000000
-7.237590 -6.271813 90.000000
0.000000 -0.049310 91.000000
-1.263579 -0.337714 92.000000
-2.653515 -0.654958 93.000000
-4.182445 -1.003926 94.000000
-5.864268 -1.387791 95.000000
-7.714273 -1.810043 96.000000
-9.749279 -2.274520 97.000000
0.000000 0.049310 98.000000
-1.263579 0.337714 99.000000
-2.653515 0.654958 100.000000
-4.182445 1.003926 101.000000
-5.864268 1.387791 102.000000
-7.714273 1.810043 103.000000
-9.749279 2.274520 104.000000
0.580725 0.036915 105.000000
-0.432586 0.845003 106.000000
-1.547229 1.733901 107.000000
-2.773335 2.711688 108.000000
-4.122053 3.787255 109.000000
-5.605642 4.970377 110.000000
-7.237590 6.271813 111.000000
1.000000 0.000000 112.000000
0.437655 1.167722 113.000000
-0.180925 2.452217 114.000000
-0.861363 3.865160 115.000000
-1.609845 5.419398 116.000000
-2.433175 7.129060 117.000000
-3.338837 9.009689 118.000000
