# C mesh points (x, y) in the format: x y
3.033555 -0.000000 0.000000
4.835327 -0.000000 1.000000
6.817277 -0.000000 2.000000
8.997421 -0.000000 3.000000
11.395580 -0.000000 4.000000
1.395580 1.296074 5.000000
1.395580 2.721755 6.000000
1.395580 4.290004 7.000000
1.395580 6.015079 8.000000
1.395580 7.912660 9.000000
1.395580 10.000000 10.000000
3.033555 1.296074 11.000000
3.033555 2.721755 12.000000
3.033555 4.290004 13.000000
3.033555 6.015079 14.000000
3.033555 7.912660 15.000000
3.033555 10.000000 16.000000
4.835327 1.296074 17.000000
4.835327 2.721755 18.000000
4.835327 4.290004 19.000000
4.835327 6.015079 20.000000
4.835327 7.912660 21.000000
4.835327 10.000000 22.000000
6.817277 1.296074 23.000000
6.817277 2.721755 24.000000
6.817277 4.290004 25.000000
6.817277 6.015079 26.000000
6.817277 7.912660 27.000000
6.817277 10.000000 28.000000
8.997421 1.296074 29.000000
8.997421 2.721755 30.000000
8.997421 4.290004 31.000000
8.997421 6.015079 32.000000
8.997421 7.912660 33.000000
8.997421 10.000000 34.000000
11.395580 1.296074 35.000000
11.395580 2.721755 36.000000
11.395580 4.290004 37.000000
11.395580 6.015079 38.000000
11.395580 7.912660 39.000000
11.395580 10.000000 40.000000
1.395580 -1.296074 41.000000
1.395580 -2.721755 42.000000
1.395580 -4.290004 43.000000
1.395580 -6.015079 44.000000
1.395580 -7.912660 45.000000
1.395580 -10.000000 46.000000
3.033555 -1.296074 47.000000
3.033555 -2.721755 48.000000
3.033555 -4.290004 49.000000
3.033555 -6.015079 50.000000
3.033555 -7.912660 51.000000
3.033555 -10.000000 52.000000
4.835327 -1.296074 53.000000
4.835327 -2.721755 54.000000
4.835327 -4.290004 55.000000
4.835327 -6.015079 56.000000
4.835327 -7.912660 57.000000
4.835327 -10.000000 58.000000
6.817277 -1.296074 59.000000
6.817277 -2.721755 60.000000
6.817277 -4.290004 61.000000
6.817277 -6.015079 62.000000
6.817277 -7.912660 63.000000
6.817277 -10.000000 64.000000
8.997421 -1.296074 65.000000
8.997421 -2.721755 66.000000
8.997421 -4.290004 67.000000
8.997421 -6.015079 68.000000
8.997421 -7.912660 69.000000
8.997421 -10.000000 70.000000
11.395580 -1.296074 71.000000
11.395580 -2.721755 72.000000
11.395580 -4.290004 73.000000
11.395580 -6.015079 74.000000
11.395580 -7.912660 75.000000
11.395580 -10.000000 76.000000
1.000000 -0.000000 77.000000
0.504014 -1.197416 78.000000
-0.041571 -2.514574 79.000000
-0.641714 -3.963447 80.000000
-1.301871 -5.557208 81.000000
-2.028044 -7.310345 82.000000
-2.826834 -9.238795 83.000000
0.774107 -0.016840 84.000000
-0.142355 -0.933302 85.000000
-1.150464 -1.941411 86.000000
-2.259384 -3.050331 87.000000
-3.479196 -4.270143 88.000000
-4.820988 -5.611936 89.000000
-6.296961 -7.087908 90.000000
0.322522 -0.058277 91.000000
-0.874894 -0.554263 92.000000
-2.192051 -1.099848 93.000000
-3.640925 -1.699991 94.000000
-5.234685 -2.360148 95.000000
-6.987822 -3.086321 96.000000
-8.916273 -3.885111 97.000000
-0.000000 -0.036121 98.000000
-1.296074 -0.036121 99.000000
-2.721755 -0.036121 100.000000
-4.290004 -0.036121 101.000000
-6.015079 -0.036121 102.000000
-7.912660 -0.036121 103.000000
-10.000000 -0.036121 104.000000
0.000000 0.036121 105.000000
-1.197416 0.532107 106.000000
-2.514574 1.077691 107.000000
-3.963447 1.677834 108.000000
-5.557208 2.337992 109.000000
-7.310345 3.064165 110.000000
-9.238795 3.862955 111.000000
0.322522 0.058277 112.000000
-0.593940 0.974740 113.000000
-1.602049 1.982849 114.000000
-2.710969 3.091768 115.000000
-3.930780 4.311580 116.000000
-5.272573 5.653373 117.000000
-6.748545 7.129345 118.000000
0.774107 0.016840 119.000000
0.278121 1.214256 120.000000
-0.267463 2.531414 121.000000
-0.867606 3.980287 122.000000
-1.527764 5.574048 123.000000
-2.253937 7.327185 124.000000
-3.052727 9.255635 125.000000
