# C mesh points (x, y) in the format: x y
1.000000 0.000000
2.637975 0.000000
4.439747 0.000000
6.421697 0.000000
8.601841 0.000000
11.000000 0.000000
1.000000 1.296074
2.637975 1.296074
4.439747 1.296074
6.421697 1.296074
8.601841 1.296074
11.000000 1.296074
1.000000 2.721755
2.637975 2.721755
4.439747 2.721755
6.421697 2.721755
8.601841 2.721755
11.000000 2.721755
1.000000 4.290004
2.637975 4.290004
4.439747 4.290004
6.421697 4.290004
8.601841 4.290004
11.000000 4.290004
1.000000 6.015079
2.637975 6.015079
4.439747 6.015079
6.421697 6.015079
8.601841 6.015079
11.000000 6.015079
1.000000 7.912660
2.637975 7.912660
4.439747 7.912660
6.421697 7.912660
8.601841 7.912660
11.000000 7.912660
1.000000 10.000000
2.637975 10.000000
4.439747 10.000000
6.421697 10.000000
8.601841 10.000000
11.000000 10.000000
1.000000 -1.296074
2.637975 -1.296074
4.439747 -1.296074
6.421697 -1.296074
8.601841 -1.296074
11.000000 -1.296074
1.000000 -2.721755
2.637975 -2.721755
4.439747 -2.721755
6.421697 -2.721755
8.601841 -2.721755
11.000000 -2.721755
1.000000 -4.290004
2.637975 -4.290004
4.439747 -4.290004
6.421697 -4.290004
8.601841 -4.290004
11.000000 -4.290004
1.000000 -6.015079
2.637975 -6.015079
4.439747 -6.015079
6.421697 -6.015079
8.601841 -6.015079
11.000000 -6.015079
1.000000 -7.912660
2.637975 -7.912660
4.439747 -7.912660
6.421697 -7.912660
8.601841 -7.912660
11.000000 -7.912660
1.000000 -10.000000
2.637975 -10.000000
4.439747 -10.000000
6.421697 -10.000000
8.601841 -10.000000
11.000000 -10.000000
0.822535 -1.283867
0.588744 -1.246235
0.270567 -1.175168
-0.098756 -1.057516
-0.473500 -0.883956
-0.803867 -0.650256
-1.044138 -0.358559
-1.156959 -0.017801
-1.156959 0.017801
-1.044138 0.358559
-0.803867 0.650256
-0.473500 0.883956
-0.098756 1.057516
0.270567 1.175168
0.588744 1.246235
0.822535 1.283867
0.627323 -2.696120
0.183913 -2.610569
-0.349832 -2.444386
-0.927348 -2.176292
-1.486859 -1.794888
-1.963121 -1.300226
-2.297730 -0.702357
-2.441632 -0.017801
-2.441632 0.017801
-2.297730 0.702357
-1.963121 1.300226
-1.486859 1.794888
-0.927348 2.176292
-0.349832 2.444386
0.183913 2.610569
0.627323 2.696120
0.412590 -4.249598
-0.261402 -4.111336
-1.032271 -3.840525
-1.838798 -3.406946
-2.601555 -2.796913
-3.238301 -2.015193
-3.676681 -1.080536
-3.854773 -0.017801
-3.854773 0.017801
-3.676681 1.080536
-3.238301 2.015193
-2.601555 2.796913
-1.838798 3.406946
-1.032271 3.840525
-0.261402 4.111336
0.412590 4.249598
0.176384 -5.958425
-0.751248 -5.762180
-1.782953 -5.376278
-2.841394 -4.760666
-3.827720 -3.899141
-4.640998 -2.801656
-5.193527 -1.496532
-5.409227 -0.017801
-5.409227 0.017801
-5.193527 1.496532
-4.640998 2.801656
-3.827720 3.899141
-2.841394 4.760666
-1.782953 5.376278
-0.751248 5.762180
0.176384 5.958425
-0.083443 -7.838134
-1.290078 -7.578108
-2.608704 -7.065606
-3.944249 -6.249757
-5.176501 -5.111591
-6.183965 -3.666766
-6.862059 -1.954128
-7.119127 -0.017801
-7.119127 0.017801
-6.862059 1.954128
-6.183965 3.666766
-5.176501 5.111591
-3.944249 6.249757
-2.608704 7.065606
-1.290078 7.578108
-0.083443 7.838134
-0.369252 -9.905814
-1.882792 -9.575629
-3.517029 -8.923868
-5.157389 -7.887757
-6.660160 -6.445287
-7.881229 -4.618387
-8.697443 -2.457483
-9.000018 -0.017801
-9.000018 0.017801
-8.697443 2.457483
-7.881229 4.618387
-6.660160 6.445287
-5.157389 7.887757
-3.517029 8.923868
-1.882792 9.575629
-0.369252 9.905814
