x, y
1.000000000000000000e+00,-1.036471481674323437e-02
9.996340516860522385e-01,-1.034277148184103122e-02
9.980624411598001400e-01,-1.024067814063124755e-02
9.962884476115402288e-01,-1.013452826021620304e-02
9.944085042368882021e-01,-1.003000206858733166e-02
9.924602647848201897e-01,-9.928886665271054873e-03
9.904631905531158242e-01,-9.831891362473145837e-03
9.884289313629495144e-01,-9.739313897101451595e-03
9.863651358807239422e-01,-9.651266686579444698e-03
9.842771575498612258e-01,-9.567770229832087137e-03
9.821689240013485866e-01,-9.488796765586865467e-03
9.800434229587117185e-01,-9.414292499132758882e-03
9.779029933318027501e-01,-9.344189628826354843e-03
9.757495093405490483e-01,-9.278413144267711604e-03
9.735845021869182769e-01,-9.216884787646564131e-03
9.714092434086873951e-01,-9.159525405845810042e-03
9.692248037352967360e-01,-9.106256357167025195e-03
9.670320957292497521e-01,-9.057000347285012326e-03
9.648319053730837203e-01,-9.011681913354279913e-03
9.626249159243016607e-01,-8.970227687980593390e-03
9.604117262397061650e-01,-8.932566524231742508e-03
9.581928650649562673e-01,-8.898629532715737755e-03
9.559688023285456415e-01,-8.868350063319874188e-03
9.537399581765932943e-01,-8.841663652689518357e-03
9.515067102796010978e-01,-8.818507951199809625e-03
9.492693998004593237e-01,-8.798822638440444155e-03
9.470283363131861698e-01,-8.782549333135360181e-03
9.447838018905099222e-01,-8.769631501368614981e-03
9.425360545266431300e-01,-8.760014365620624049e-03
9.402853310235197437e-01,-8.753644816199860831e-03
9.380318494404240592e-01,-8.750471326037312716e-03
9.357758111856022687e-01,-8.750443869393114901e-03
9.335174028122025236e-01,-8.753513844746126440e-03
9.312567975684118426e-01,-8.759634001948657031e-03
9.289941567419822688e-01,-8.768758373607358353e-03
9.267296308317624076e-01,-8.780842210570702008e-03
9.244633605728890258e-01,-8.795841921356697957e-03
9.221954778375548445e-01,-8.813715015323913757e-03
9.199261064294722567e-01,-8.834420049378139544e-03
9.176553627871044672e-01,-8.857916577999617319e-03
9.153833566082646422e-01,-8.884165106380471563e-03
9.131101914066636072e-01,-8.913127046466583908e-03
9.108359650093412752e-01,-8.944764675706739707e-03
9.085607700025541966e-01,-8.979041098323915088e-03
9.062846941325639616e-01,-9.015920208932758431e-03
9.040078206668407113e-01,-9.055366658338842231e-03
9.017302287204029820e-01,-9.097345821367577856e-03
8.994519935513750619e-01,-9.141823766579805152e-03
8.971731868292678325e-01,-9.188767227742526689e-03
8.948938768790437592e-01,-9.238143576932584047e-03
8.926141289036096937e-01,-9.289920799160534745e-03
8.903340051870584082e-01,-9.344067468409086863e-03
8.880535652806774705e-01,-9.400552724991326908e-03
8.857728661735054798e-01,-9.459346254138122426e-03
8.834919624489941947e-01,-9.520418265732988675e-03
8.812109064291591132e-01,-9.583739475117284898e-03
8.789297483074306472e-01,-9.649281084897192579e-03
8.766485362712899132e-01,-9.717014767685347096e-03
8.743673166156452625e-01,-9.786912649718097074e-03
8.720861338478045344e-01,-9.858947295292359858e-03
8.698050307848032014e-01,-9.933091691970173664e-03
8.675240486437691967e-01,-1.000931923650397529e-02
8.652432271259336005e-01,-1.008760372143669391e-02
8.629626044948358610e-01,-1.016791932233729670e-02
8.606822176492117116e-01,-1.025024058563232809e-02
8.584021021910108740e-01,-1.033454241699821412e-02
8.561222924889407837e-01,-1.042080007028183854e-02
8.538428217378987162e-01,-1.050898913691781372e-02
8.515637220146189401e-01,-1.059908553581429339e-02
8.492850243298309953e-01,-1.069106550368142602e-02
8.470067586771982127e-01,-1.078490558577565282e-02
8.447289540792812801e-01,-1.088058262703874013e-02
8.424516386307495663e-01,-1.097807376360880778e-02
8.401748395390417068e-01,-1.107735641468269618e-02
8.378985831626634129e-01,-1.117840827471231618e-02
8.356228950472919248e-01,-1.128120730591537606e-02
8.333477999598376540e-01,-1.138573173108559794e-02
8.310733219206126732e-01,-1.149196002668541154e-02
8.287994842337315093e-01,-1.159987091620741893e-02
8.265263095158640327e-01,-1.170944336379155411e-02
8.242538197234543507e-01,-1.182065656808247572e-02
8.219820361785047380e-01,-1.193348995631914218e-02
8.197109795930175302e-01,-1.204792317864138845e-02
8.174406700921839075e-01,-1.216393610260525435e-02
8.151711272363980632e-01,-1.228150880789587868e-02
8.129023700421695864e-01,-1.240062158122933605e-02
8.106344170020045592e-01,-1.252125491143324908e-02
8.083672861033184276e-01,-1.264338948469909650e-02
8.061009948464358255e-01,-1.276700617999776931e-02
8.038355602617373030e-01,-1.289208606465025095e-02
8.015709989260003665e-01,-1.301861039004734849e-02
7.993073269779815693e-01,-1.314656058751125130e-02
7.970445601332842855e-01,-1.327591826429272252e-02
7.947827136985557983e-01,-1.340666519969733322e-02
7.925218025850448988e-01,-1.353878334133662431e-02
7.902618413215637405e-01,-1.367225480149674224e-02
7.880028440668798151e-01,-1.380706185362114320e-02
7.857448246215744669e-01,-1.394318692890190829e-02
7.834877964393941463e-01,-1.408061261297464603e-02
7.812317726381206029e-01,-1.421932164271342246e-02
7.789767660099895519e-01,-1.435929690312130573e-02
7.767227890316762418e-01,-1.450052142431230810e-02
7.744698538738754579e-01,-1.464297837858113092e-02
7.722179724104913934e-01,-1.478665107755764048e-02
7.699671562274624792e-01,-1.493152296944209520e-02
7.677174166312370485e-01,-1.507757763631766348e-02
7.654687646569142689e-01,-1.522479879153881659e-02
7.632212110760744350e-01,-1.537317027719001424e-02
7.609747664043047255e-01,-1.552267606161455635e-02
7.587294409084430757e-01,-1.567330023700907321e-02
7.564852446135471586e-01,-1.582502701708252135e-02
7.542421873096065710e-01,-1.597784073477553565e-02
7.520002785580074400e-01,-1.613172584003993992e-02
7.497595276977613299e-01,-1.628666689767433243e-02
7.475199438515097716e-01,-1.644264858521544970e-02
7.452815359313147425e-01,-1.659965569088071510e-02
7.430443126442441981e-01,-1.675767311156360281e-02
7.408082824977624270e-01,-1.691668585087639093e-02
7.385734538049331110e-01,-1.707667901724093870e-02
7.363398346894444169e-01,-1.723763782202508005e-02
7.341074330904624468e-01,-1.739954757772267310e-02
7.318762567673221531e-01,-1.756239369617605683e-02
7.296463133040611559e-01,-1.772616168683976978e-02
7.274176101138041250e-01,-1.789083715508347355e-02
7.251901544430024993e-01,-1.805640580053322064e-02
7.229639533755393144e-01,-1.822285341544903348e-02
7.207390138366985832e-01,-1.839016588313916595e-02
7.185153425970113306e-01,-1.855832917640742180e-02
7.162929462759782817e-01,-1.872732935603463669e-02
7.140718313456775324e-01,-1.889715256929191609e-02
7.118520041342591975e-01,-1.906778504848475123e-02
7.096334708293337012e-01,-1.923921310952754482e-02
7.074162374812561493e-01,-1.941142315054656536e-02
7.052003100063121144e-01,-1.958440165051188175e-02
7.029856941898080525e-01,-1.975813516789552346e-02
7.007723956890697936e-01,-1.993261033935601195e-02
6.985604200363536576e-01,-2.010781387844911075e-02
6.963497726416711942e-01,-2.028373257436219199e-02
6.941404587955344319e-01,-2.046035329067318054e-02
6.919324836716204130e-01,-2.063766296413191426e-02
6.897258523293620103e-01,-2.081564860346390641e-02
6.875205697164639140e-01,-2.099429728819676017e-02
6.853166406713496750e-01,-2.117359616750557130e-02
6.831140699255405790e-01,-2.135353245908064648e-02
6.809128621059692410e-01,-2.153409344801297809e-02
6.787130217372299157e-01,-2.171526648570044904e-02
6.765145532437685238e-01,-2.189703898877111768e-02
6.743174609520133922e-01,-2.207939843802500524e-02
6.721217490924504823e-01,-2.226233237739301193e-02
6.699274218016424420e-01,-2.244582841291274666e-02
6.677344831241965872e-01,-2.262987421172005242e-02
6.655429370146795920e-01,-2.281445750105743492e-02
6.633527873394858831e-01,-2.299956606729570974e-02
6.611640378786559635e-01,-2.318518775497284412e-02
6.589766923276496602e-01,-2.337131046584536853e-02
6.567907542990750747e-01,-2.355792215795416561e-02
6.546062273243736795e-01,-2.374501084470400855e-02
6.524231148554653359e-01,-2.393256459395507255e-02
6.502414202663509002e-01,-2.412057152712936137e-02
6.480611468546778609e-01,-2.430901981832590472e-02
6.458822978432664508e-01,-2.449789769345165139e-02
6.437048763816011210e-01,-2.468719342936021716e-02
6.415288855472849328e-01,-2.487689535300455917e-02
6.393543283474604211e-01,-2.506699184059886162e-02
6.371812077201977065e-01,-2.525747131679126345e-02
6.350095265358493002e-01,-2.544832225384694238e-02
6.328392875983747112e-01,-2.563953317084048319e-02
6.306704936466348554e-01,-2.583109263285785634e-02
6.285031473556558224e-01,-2.602298925020796183e-02
6.263372513378663298e-01,-2.621521167764251023e-02
6.241728081443054243e-01,-2.640774861358456682e-02
6.220098202658057573e-01,-2.660058879936578677e-02
6.198482901341484386e-01,-2.679372101847108875e-02
6.176882201231946867e-01,-2.698713409579145059e-02
6.155296125499923887e-01,-2.718081689688391783e-02
6.133724696758583450e-01,-2.737475832723917576e-02
6.112167937074386437e-01,-2.756894733155583477e-02
6.090625867977456087e-01,-2.776337289302156439e-02
6.069098510471737651e-01,-2.795802403260042382e-02
6.047585885044941545e-01,-2.815288980832703417e-02
6.026088011678287781e-01,-2.834795931460596524e-02
6.004604909856049444e-01,-2.854322168151812375e-02
5.983136598574892995e-01,-2.873866607413117641e-02
5.961683096353048716e-01,-2.893428169181637075e-02
5.940244421239282424e-01,-2.913005776757086884e-02
5.918820590821697314e-01,-2.932598356734351236e-02
5.897411622236361506e-01,-2.952204838936699216e-02
5.876017532175769054e-01,-2.971824156349334514e-02
5.854638336897129980e-01,-2.991455245053464829e-02
5.833274052230515982e-01,-3.011097044160717176e-02
5.811924693586840718e-01,-3.030748495747997984e-02
5.790590275965684652e-01,-3.050408544792733781e-02
5.769270813962992239e-01,-3.070076139108400548e-02
5.747966321778604781e-01,-3.089750229280486399e-02
5.726676813223675611e-01,-3.109429768602723840e-02
5.705402301727934278e-01,-3.129113713013650239e-02
5.684142800346825286e-01,-3.148801021033426767e-02
5.662898321768525811e-01,-3.168490653700935938e-02
5.641668878320822422e-01,-3.188181574511178562e-02
5.620454481977888994e-01,-3.207872749352855962e-02
5.599255144366924730e-01,-3.227563146446173897e-02
5.578070876774696707e-01,-3.247251736280900442e-02
5.556901690153949191e-01,-3.266937491554502970e-02
5.535747595129729692e-01,-3.286619387110634172e-02
5.514608602005589555e-01,-3.306296399877563241e-02
5.493484720769690188e-01,-3.325967508806928347e-02
5.472375961100799380e-01,-3.345631694812468970e-02
5.451282332374206563e-01,-3.365287940708990011e-02
5.430203843667528174e-01,-3.384935231151302987e-02
5.409140503766423080e-01,-3.404572552573354588e-02
5.388092321170223631e-01,-3.424198893127305271e-02
5.367059304097470118e-01,-3.443813242622742465e-02
5.346041460491365305e-01,-3.463414592465879210e-02
5.325038798025149012e-01,-3.483001935598742382e-02
5.304051324107375009e-01,-3.502574266438482353e-02
5.283079045887129066e-01,-3.522130580816469625e-02
5.262121970259159287e-01,-3.541669875917541344e-02
5.241180103868927631e-01,-3.561191150219088913e-02
5.220253453117595921e-01,-3.580693403430149774e-02
5.199342024166937470e-01,-3.600175636430372889e-02
5.178445822944180987e-01,-3.619636851208915540e-02
5.157564855146784533e-01,-3.639076050803233264e-02
5.136699126247139535e-01,-3.658492239237731702e-02
5.115848641497223737e-01,-3.677884421462283143e-02
5.095013405933177530e-01,-3.697251603290629962e-02
5.074193424379828121e-01,-3.716592791338511892e-02
5.053388701455152621e-01,-3.735906992961717660e-02
5.032599241574682303e-01,-3.755193216193906253e-02
5.011825048955851347e-01,-3.774450469684140219e-02
4.991066127622293958e-01,-3.793677762634282274e-02
4.970322481408082638e-01,-3.812874104736092146e-02
4.949594113961923170e-01,-3.832038506108014636e-02
4.928881028751293525e-01,-3.851169977231787278e-02
4.908183229066534481e-01,-3.870267528888672592e-02
4.887500718024895829e-01,-3.889330172095366300e-02
4.866833498574536510e-01,-3.908356918039643940e-02
4.846181573498478112e-01,-3.927346778015535639e-02
4.825544945418515641e-01,-3.946298763358262879e-02
4.804923616799088304e-01,-3.965211885378715218e-02
4.784317589951109229e-01,-3.984085155297544673e-02
4.763726867035752988e-01,-4.002917584178797283e-02
4.743151450068207597e-01,-4.021708182863144299e-02
4.722591340921392100e-01,-4.040455961900690784e-02
4.702046541329629736e-01,-4.059159931483195816e-02
4.681517052892298358e-01,-4.077819101375931149e-02
4.661002877077436435e-01,-4.096432480848860580e-02
4.640504015225324630e-01,-4.114999078607470967e-02
4.620020468552030746e-01,-4.133517902722856630e-02
4.599552238152930794e-01,-4.151987960561423496e-02
4.579099325006192323e-01,-4.170408258713773075e-02
4.558661729976240529e-01,-4.188777802923172866e-02
4.538239453817186631e-01,-4.207095598013266269e-02
4.517832497176241247e-01,-4.225360647815153831e-02
4.497440860597093915e-01,-4.243571955093799336e-02
4.477064544523274847e-01,-4.261728521473659437e-02
4.456703549301490597e-01,-4.279829347363738740e-02
4.436357875184942512e-01,-4.297873431881690104e-02
4.416027522336616884e-01,-4.315859772777309866e-02
4.395712490832566766e-01,-4.333787366355104642e-02
4.375412780665164925e-01,-4.351655207396114278e-02
4.355128391746344030e-01,-4.369462289078825112e-02
4.334859323910820184e-01,-4.387207602899254044e-02
4.314605576919300911e-01,-4.404890138590066007e-02
4.294367150461675386e-01,-4.422508884038785226e-02
4.274144044160198552e-01,-4.440062825205066954e-02
4.253936257572652480e-01,-4.457550946036966527e-02
4.233743790195506063e-01,-4.474972228386130818e-02
4.213566641467056395e-01,-4.492325651922007140e-02
4.193404810770566260e-01,-4.509610194044991888e-02
4.173258297437388298e-01,-4.526824829798336419e-02
4.153127100750083622e-01,-4.543968531779059988e-02
4.133011219945537662e-01,-4.561040270047634487e-02
4.112910654218059903e-01,-4.578039012036364680e-02
4.092825402722491401e-01,-4.594963722456647109e-02
4.072755464577298423e-01,-4.611813363204909227e-02
4.052700838867670519e-01,-4.628586893267221114e-02
4.032661524648611939e-01,-4.645283268622490969e-02
4.012637520948038050e-01,-4.661901442144396335e-02
3.992628826769861194e-01,-4.678440363501771421e-02
3.972635441097093212e-01,-4.694898979057576111e-02
3.952657362894938520e-01,-4.711276231766293315e-02
3.932694591113896077e-01,-4.727571061069900382e-02
3.912747124692860790e-01,-4.743782402792015573e-02
3.892814962562238801e-01,-4.759909189030654686e-02
3.872898103647061108e-01,-4.775950348049057270e-02
3.852996546870112726e-01,-4.791904804164974496e-02
3.833110291155062410e-01,-4.807771477638014129e-02
3.813239335429607912e-01,-4.823549284555264660e-02
3.793383678628632905e-01,-4.839237136714900911e-02
3.773543319697372778e-01,-4.854833941507980671e-02
3.753718257594595431e-01,-4.870338601798148565e-02
3.733908491295798160e-01,-4.885750015799313062e-02
3.714114019796417310e-01,-4.901067076951256402e-02
3.694334842115059581e-01,-4.916288673792949121e-02
3.674570957296746654e-01,-4.931413689833791247e-02
3.654822364416183689e-01,-4.946441003422438060e-02
3.635089062581046138e-01,-4.961369487613319362e-02
3.615371050935289876e-01,-4.976198010030669777e-02
3.595668328662485758e-01,-4.990925432730183159e-02
3.575980894989179704e-01,-5.005550612057973331e-02
3.556308749188272222e-01,-5.020072398506907757e-02
3.536651890582439561e-01,-5.034489636570312066e-02
3.517010318547570957e-01,-5.048801164592810198e-02
3.497384032516246410e-01,-5.063005814618280753e-02
3.477773031981238328e-01,-5.077102412234869855e-02
3.458177316499052023e-01,-5.091089776416968249e-02
3.438596885693508964e-01,-5.104966719364042310e-02
3.419031739259350000e-01,-5.118732046336260666e-02
3.399481876965896876e-01,-5.132384555486758926e-02
3.379947298660734289e-01,-5.145923037690516844e-02
3.360428004273461333e-01,-5.159346276369707052e-02
3.340923993819456261e-01,-5.172653047315439734e-02
3.321435267403713421e-01,-5.185842118505756826e-02
3.301961825224715708e-01,-5.198912249919792478e-02
3.282503667578359763e-01,-5.211862193347967243e-02
3.263060794861933900e-01,-5.224690692198137587e-02
3.243633207578148769e-01,-5.237396481297496714e-02
3.224220906339234083e-01,-5.249978286690236418e-02
3.204823891871077524e-01,-5.262434825430613305e-02
3.185442165017441929e-01,-5.274764805371598420e-02
3.166075726744236318e-01,-5.286966924948641872e-02
3.146724578143856310e-01,-5.299039872958643399e-02
3.127388720439589487e-01,-5.310982328333839486e-02
3.108068154990102361e-01,-5.322792959910563337e-02
3.088762883293990624e-01,-5.334470426192626513e-02
3.069472906994409334e-01,-5.346013375109136267e-02
3.050198227883788582e-01,-5.357420443766693074e-02
3.030938847908624112e-01,-5.368690258195714382e-02
3.011694769174359521e-01,-5.379821433090604954e-02
2.992465993950358394e-01,-5.390812571543811271e-02
2.973252524674958042e-01,-5.401662264773281902e-02
2.954054363960639251e-01,-5.412369091843403923e-02
2.934871514599275977e-01,-5.422931619378892898e-02
2.915703979567500492e-01,-5.433348401271775874e-02
2.896551762032167909e-01,-5.443617978380826256e-02
2.877414865355942264e-01,-5.453738878223556019e-02
2.858293293102985300e-01,-5.463709614660355179e-02
2.839187049044771816e-01,-5.473528687570437118e-02
2.820096137166033801e-01,-5.483194582519546750e-02
2.801020561670817255e-01,-5.492705770418904870e-02
2.781960326988690002e-01,-5.502060707175260301e-02
2.762915437781077177e-01,-5.511257833331685563e-02
2.743885898947743818e-01,-5.520295573698707353e-02
2.724871715633425673e-01,-5.529172336975724661e-02
2.705872893234612664e-01,-5.537886515361917922e-02
2.686889437406494996e-01,-5.546436484156785918e-02
2.667921354070076911e-01,-5.554820601349509668e-02
2.648968649419455867e-01,-5.563037207197034373e-02
2.630031329929287121e-01,-5.571084623790355239e-02
2.611109402362435383e-01,-5.578961154608554768e-02
2.592202873777811334e-01,-5.586665084060248726e-02
2.573311751538416292e-01,-5.594194677011815608e-02
2.554436043319590066e-01,-5.601548178302146602e-02
2.535575757117476958e-01,-5.608723812243231188e-02
2.516730901257716591e-01,-5.615719782106104452e-02
2.497901484404364270e-01,-5.622534269591687034e-02
2.479087515569057543e-01,-5.629165434285822445e-02
2.460289004120430612e-01,-5.635611413097978140e-02
2.441505959793794922e-01,-5.641870319683040674e-02
2.422738392701087595e-01,-5.647940243845418762e-02
2.403986313341102132e-01,-5.653819250924881773e-02
2.385249732610018603e-01,-5.659505381163385668e-02
2.366528661812231926e-01,-5.664996649052082833e-02
2.347823112671507673e-01,-5.670291042657878838e-02
2.329133097342459546e-01,-5.675386522928540373e-02
2.310458628422378258e-01,-5.680281022975599420e-02
2.291799718963418164e-01,-5.684972447334143975e-02
2.273156382485156668e-01,-5.689458671198548839e-02
2.254528632987544134e-01,-5.693737539633086236e-02
2.235916484964257378e-01,-5.697806866756509325e-02
2.217319953416483913e-01,-5.701664434899439415e-02
2.198739053867137250e-01,-5.705307993733393229e-02
2.180173802375540981e-01,-5.708735259370274068e-02
2.161624215552583883e-01,-5.711943913431100084e-02
2.143090310576387381e-01,-5.714931602082615192e-02
2.124572105208488437e-01,-5.717695935040378874e-02
2.106069617810566730e-01,-5.720234484536854819e-02
2.087582867361748029e-01,-5.722544784252971140e-02
2.069111873476504049e-01,-5.724624328211653373e-02
2.050656656423162638e-01,-5.726470569631277041e-02
2.032217237143088828e-01,-5.728080919737670029e-02
2.013793637270528403e-01,-5.729452746532421453e-02
1.995385879153175612e-01,-5.730583373515709539e-02
1.976993985873482795e-01,-5.731470078361384363e-02
1.958617981270750485e-01,-5.732110091542162028e-02
1.940257889964035198e-01,-5.732500594902571051e-02
1.921913737375911535e-01,-5.732638720177107849e-02
1.903585549757140227e-01,-5.732521547451023547e-02
1.885273354212272379e-01,-5.732146103560970679e-02
1.866977178726233755e-01,-5.731509360432406053e-02
1.848697052191968226e-01,-5.730608233350972108e-02
1.830433004439143418e-01,-5.729439579164125745e-02
1.812185066264015987e-01,-5.728000194409887252e-02
1.793953269460495381e-01,-5.726286813368781231e-02
1.775737646852467988e-01,-5.724296106035101778e-02
1.757538232327452710e-01,-5.722024676003382992e-02
1.739355060871650149e-01,-5.719469058265506251e-02
1.721188168606468394e-01,-5.716625716913899952e-02
1.703037592826592839e-01,-5.713491042745565129e-02
1.684903372039696923e-01,-5.710061350762064836e-02
1.666785546007868712e-01,-5.706332877559150418e-02
1.648684155790854644e-01,-5.702301778600579740e-02
1.630599243791223674e-01,-5.697964125369373023e-02
1.612530853801556474e-01,-5.693315902389671501e-02
1.594479031053767371e-01,-5.688353004111915828e-02
1.576443822270693629e-01,-5.683071231653510913e-02
1.558425275720076442e-01,-5.677466289386602638e-02
1.540423441271073779e-01,-5.671533781363972265e-02
1.522438370453449985e-01,-5.665269207573573468e-02
1.504470116519616985e-01,-5.658667960011352915e-02
1.486518734509672257e-01,-5.651725318561367367e-02
1.468584281319655904e-01,-5.644436446671554503e-02
1.450666815773182794e-01,-5.636796386812330251e-02
1.432766398696689036e-01,-5.628800055704401284e-02
1.414883092998515390e-01,-5.620442239301443738e-02
1.397016963752064356e-01,-5.611717587511553390e-02
1.379168078283305732e-01,-5.602620608640796612e-02
1.361336506262907919e-01,-5.593145663540528140e-02
1.343522319803304443e-01,-5.583286959438736596e-02
1.325725593561026538e-01,-5.573038543434172265e-02
1.307946404844663457e-01,-5.562394295630330304e-02
1.290184833728826586e-01,-5.551347921884331599e-02
1.272440963174552297e-01,-5.539892946143813723e-02
1.254714879156587914e-01,-5.528022702342633848e-02
1.237006670798051211e-01,-5.515730325823704761e-02
1.219316430513011223e-01,-5.503008744254548473e-02
1.201644254157559905e-01,-5.489850667998149442e-02
1.183990241190010645e-01,-5.476248579898283786e-02
1.166354494840925599e-01,-5.462194724435145976e-02
1.148737122293707197e-01,-5.447681096202498102e-02
1.131138234876589849e-01,-5.432699427653667201e-02
1.113557948266925834e-01,-5.417241176058372465e-02
1.095996382708755990e-01,-5.401297509606943492e-02
1.078453663244734462e-01,-5.384859292592435176e-02
1.060929919963606721e-01,-5.367917069594160123e-02
1.043425288264543532e-01,-5.350461048578814688e-02
1.025939909139749195e-01,-5.332481082826390911e-02
1.008473929476953607e-01,-5.313966651579166839e-02
9.910275023835224406e-02,-5.294906839300886348e-02
9.736007875341164131e-02,-5.275290313421427540e-02
9.561939515440545656e-02,-5.255105300428956211e-02
9.388071683707434334e-02,-5.234339560155979593e-02
9.214406197458389902e-02,-5.212980358089064348e-02
9.040944956410576494e-02,-5.191014435512012609e-02
8.867689947709361808e-02,-5.168427977270735607e-02
8.694643251362225989e-02,-5.145206576922894265e-02
8.521807046119790618e-02,-5.121335199006638722e-02
8.349183615850375162e-02,-5.096798138130713418e-02
8.176775356459983768e-02,-5.071578974550609159e-02
8.004584783415900906e-02,-5.045660525852761757e-02
7.832614539940513376e-02,-5.019024794319999760e-02
7.660867405949718656e-02,-4.991652909494340151e-02
7.489346307821007076e-02,-4.963525065387972002e-02
7.318054329088233279e-02,-4.934620451717482148e-02
7.146994722172822501e-02,-4.904917178447371767e-02
6.976170921278235237e-02,-4.874392192826419723e-02
6.805586556592239933e-02,-4.843021187979215658e-02
6.635245469963903242e-02,-4.810778501973384663e-02
6.465151732248035354e-02,-4.777637006115800083e-02
6.295309662539977369e-02,-4.743567981032800057e-02
6.125723849560468781e-02,-4.708540978854349607e-02
5.956399175493109349e-02,-4.672523669541182867e-02
5.787340842629096205e-02,-4.635481669057740783e-02
5.618554403236183936e-02,-4.597378346688794915e-02
5.450045793144230738e-02,-4.558174608308140918e-02
5.281821369631324592e-02,-4.517828651812782342e-02
5.113887954306658296e-02,-4.476295690209144279e-02
4.946252881823413883e-02,-4.433527636944843003e-02
4.778924055425350093e-02,-4.389472746976000317e-02
4.611910010541316746e-02,-4.344075205687830676e-02
4.445219987907141068e-02,-4.297274656068786336e-02
4.278864018026405647e-02,-4.249005652373484543e-02
4.112853019205504890e-02,-4.199197025760425389e-02
3.947198911938833155e-02,-4.147771143871409327e-02
3.781914753119110933e-02,-4.094643041776500902e-02
3.617014894457377949e-02,-4.039719395789843903e-02
3.452515170693985780e-02,-3.982897303875406608e-02
3.288433124772945082e-02,-3.924062826009745708e-02
3.124788279290433360e-02,-3.863089223948115020e-02
2.961602466439782616e-02,-3.799834820887886683e-02
2.798900232691046291e-02,-3.734140375371512027e-02
2.636709340066236210e-02,-3.665825827152983246e-02
2.475061393869389809e-02,-3.594686220646092778e-02
2.313992638313425165e-02,-3.520486536105418146e-02
2.153544978589539902e-02,-3.442955047222805154e-02
1.993767313740334168e-02,-3.361774655544941953e-02
1.834717304626514930e-02,-3.276571391785124826e-02
1.676463764765772496e-02,-3.186898860074313666e-02
1.519089965996170237e-02,-3.092216721693365894e-02
1.362698328143372925e-02,-2.991860158569590450e-02
1.207417276320056979e-02,-2.884995204837803237e-02
1.053411635739147541e-02,-2.770551008237788146e-02
9.008990937379821040e-03,-2.647112511180585784e-02
7.501777259103009285e-03,-2.512740930349403878e-02
6.016753321122201431e-03,-2.364651864499559344e-02
4.560464093635849259e-03,-2.198582332309725537e-02
3.143891267888222676e-03,-2.007373927908201461e-02
1.788375228635628910e-03,-1.777104062635779733e-02
5.488131446320117625e-04,-1.471923613120041698e-02
0.000000000000000000e+00,-7.159136379167472565e-03
6.072439949579767911e-17,-7.159136379167451748e-03
2.885082105305167115e-03,5.836139790427644731e-04
5.081074003919244797e-03,3.817775310201291118e-03
7.162773663349022296e-03,6.302535411144373489e-03
9.185081241964990900e-03,8.396383891329349189e-03
1.116934012038533000e-02,1.023854500639292259e-02
1.312653499197413351e-02,1.190060117738020624e-02
1.506321383532044193e-02,1.342518057308788107e-02
1.698365766365976526e-02,1.484012555477329937e-02
1.889085025390013078e-02,1.616482229761369641e-02
2.078697150669510385e-02,1.741341971267814856e-02
2.267367270777625662e-02,1.859662465088995909e-02
2.455224114820764303e-02,1.972277509233495013e-02
2.642370407253143150e-02,2.079851753225804914e-02
2.828889725177436559e-02,2.182925366542367435e-02
3.014851188013345853e-02,2.281944575112111739e-02
3.200312763162274643e-02,2.377283177581285614e-02
3.385323656847447071e-02,2.469258101059475935e-02
3.569926082081988084e-02,2.558140899804873733e-02
3.754156591543286736e-02,2.644166420803747627e-02
3.938047099643718352e-02,2.727539446170988355e-02
4.121625678158749584e-02,2.808439861966100307e-02
4.304917183958416327e-02,2.887026734741983056e-02
4.487943760283712863e-02,2.963441565675420386e-02
4.670725241427605562e-02,3.037810916661097538e-02
4.853279482681226165e-02,3.110248550645138693e-02
5.035622631783707309e-02,3.180857191855931271e-02
5.217769354097837042e-02,3.249729985438300911e-02
5.399733020822384405e-02,3.316951717044670095e-02
5.581525867413380387e-02,3.382599839016164900e-02
5.763159127795727810e-02,3.446745339434506561e-02
5.944643148749722411e-02,3.509453482539489494e-02
6.125987487947433946e-02,3.570784443088121513e-02
6.307200998414790039e-02,3.630793852688533885e-02
6.488291901654717753e-02,3.689533272622683158e-02
6.669267851243053380e-02,3.747050604922557565e-02
6.850135988376405971e-02,3.803390451299692304e-02
7.030902990586367085e-02,3.858594427810164290e-02
7.211575114623657023e-02,3.912701441765175508e-02
7.392158234345605483e-02,3.965747936293611414e-02
7.572657874303061198e-02,4.017768107070116695e-02
7.753079239610598250e-02,4.068794094995177579e-02
7.933427242592551443e-02,4.118856158018904118e-02
8.113706526621908277e-02,4.167982824810625292e-02
8.293921487506353274e-02,4.216201032571351842e-02
8.474076292724537496e-02,4.263536250950306777e-02
8.654174898771713198e-02,4.310012593745311121e-02
8.834221066838084113e-02,4.355652919832229270e-02
9.014218377012442329e-02,4.400478924570067757e-02
9.194170241177880565e-02,4.444511222761210467e-02
9.374079914744455622e-02,4.487769424104510324e-02
9.553950507345092269e-02,4.530272201957636496e-02
9.733784992605135078e-02,4.572037356122685831e-02
9.913586217082104302e-02,4.613081870279902436e-02
1.009335690846066835e-01,4.653421964618795204e-02
1.027309968307777571e-01,4.693073144150449599e-02
1.045281705284383938e-01,4.732050243127878392e-02
1.063251143161862006e-01,4.770367465952429775e-02
1.081218514109371087e-01,4.808038424901490970e-02
1.099184041622761343e-01,4.845076174975316424e-02
1.117147941027472891e-01,4.881493246128625757e-02
1.135110419944487664e-01,4.917301673123818107e-02
1.153071678722610294e-01,4.952513023217685467e-02
1.171031910840038825e-01,4.987138421871727817e-02
1.188991303277863315e-01,5.021188576656460123e-02
1.206950036867850407e-01,5.054673799502980291e-02
1.224908286616695069e-01,5.087604027440249116e-02
1.242866222008633531e-01,5.119988841942369612e-02
1.260824007288200710e-01,5.151837486999025911e-02
1.278781801724684641e-01,5.183158886010612310e-02
1.296739759859742436e-01,5.213961657601010741e-02
1.314698031739459094e-01,5.244254130431747624e-02
1.332656763132051558e-01,5.274044357094017504e-02
1.350616095732284916e-01,5.303340127148054028e-02
1.368576167353597051e-01,5.332148979373418918e-02
1.386537112108830183e-01,5.360478213287948185e-02
1.404499060580382264e-01,5.388334899988417304e-02
1.422462139980543716e-01,5.415725892361293592e-02
1.440426474302702597e-01,5.442657834708069381e-02
1.458392184464057661e-01,5.469137171825816379e-02
1.476359388440409148e-01,5.495170157580469422e-02
1.494328201393584354e-01,5.520762863007249582e-02
1.512298735791962057e-01,5.545921183969779178e-02
1.530271101524580124e-01,5.570650848407306815e-02
1.548245406009228775e-01,5.594957423196789820e-02
1.566221754294907231e-01,5.618846320654723864e-02
1.584200249159032348e-01,5.642322804701858929e-02
1.602180991199700089e-01,5.665391996711818118e-02
1.620164078923320428e-01,5.688058881063615124e-02
1.638149608827914050e-01,5.710328310416000475e-02
1.656137675482322602e-01,5.732205010720872740e-02
1.674128371601589782e-01,5.753693585991295073e-02
1.692121788118732539e-01,5.774798522838778259e-02
1.710118014253119711e-01,5.795524194793478384e-02
1.728117137575649886e-01,5.815874866419844941e-02
1.746119244070924170e-01,5.835854697239706984e-02
1.764124418196566513e-01,5.855467745473496438e-02
1.782132742939874503e-01,5.874717971610237538e-02
1.800144299871924702e-01,5.893609241815485345e-02
1.818159169199297931e-01,5.912145331186477448e-02
1.836177429813535822e-01,5.930329926862645817e-02
1.854199159338461023e-01,5.948166630999555948e-02
1.872224434175472352e-01,5.965658963613301030e-02
1.890253329546915384e-01,5.982810365302412142e-02
1.908285919537655861e-01,5.999624199853865331e-02
1.926322277134906169e-01,6.016103756738797742e-02
1.944362474266435048e-01,6.032252253504039735e-02
1.962406581837223829e-01,6.048072838064614404e-02
1.980454669764647180e-01,6.063568590902140149e-02
1.998506807012259134e-01,6.078742527173958826e-02
2.016563061622250741e-01,6.093597598737460208e-02
2.034623500746644553e-01,6.108136696093630080e-02
2.052688190677281477e-01,6.122362650253828503e-02
2.070757196874679074e-01,6.136278234533653481e-02
2.088830583995780477e-01,6.149886166277008376e-02
2.106908415920687727e-01,6.163189108514208203e-02
2.124990755778390639e-01,6.176189671556683164e-02
2.143077665971560852e-01,6.188890414531668382e-02
2.161169208200451053e-01,6.201293846859412540e-02
2.179265443485927933e-01,6.213402429675588673e-02
2.197366432191696362e-01,6.225218577201480780e-02
2.215472234045736677e-01,6.236744658064172914e-02
2.233582908160997860e-01,6.247982996569096531e-02
2.251698513055382933e-01,6.258935873926926852e-02
2.269819106671041031e-01,6.269605529436941826e-02
2.287944746393021922e-01,6.279994161628700555e-02
2.306075489067300477e-01,6.290103929363803636e-02
2.324211391018206063e-01,6.299936952899555520e-02
2.342352508065277394e-01,6.309495314915931907e-02
2.360498895539583364e-01,6.318781061507798558e-02
2.378650608299503477e-01,6.327796203143296050e-02
2.396807700746024228e-01,6.336542715590327834e-02
2.414970226837542533e-01,6.345022540812135514e-02
2.433138240104213978e-01,6.353237587833246436e-02
2.451311793661861971e-01,6.361189733577268801e-02
2.469490940225456121e-01,6.368880823677240677e-02
2.487675732122192063e-01,6.376312673260053909e-02
2.505866221304177688e-01,6.383487067705671814e-02
2.524062459360744692e-01,6.390405763382350779e-02
2.542264497530400402e-01,6.397070488358608253e-02
2.560472386712439596e-01,6.403482943093027902e-02
2.578686177478217156e-01,6.409644801102636069e-02
2.596905920082107078e-01,6.415557709610705817e-02
2.615131664472155060e-01,6.421223290174815634e-02
2.633363460300434111e-01,6.426643139295780405e-02
2.651601356933120379e-01,6.431818829008373317e-02
2.669845403460293642e-01,6.436751907454262012e-02
2.688095648705479124e-01,6.441443899438130394e-02
2.706352141234934505e-01,6.445896306967277556e-02
2.724614929366697136e-01,6.450110609775509818e-02
2.742884061179396427e-01,6.454088265831897653e-02
2.761159584520839760e-01,6.457830711834776360e-02
2.779441547016389680e-01,6.461339363691696869e-02
2.797729996077120140e-01,6.464615616985716628e-02
2.816024978907786802e-01,6.467660847428610693e-02
2.834326542514590819e-01,6.470476411301306907e-02
2.852634733712766657e-01,6.473063645882194683e-02
2.870949599133987284e-01,6.475423869863544679e-02
2.889271185233589501e-01,6.477558383756529259e-02
2.907599538297647723e-01,6.479468470285293380e-02
2.925934704449872359e-01,6.481155394770307665e-02
2.944276729658361624e-01,6.482620405501476890e-02
2.962625659742201822e-01,6.483864734101339733e-02
2.980981540377927175e-01,6.484889595878633173e-02
2.999344417105831995e-01,6.485696190172558773e-02
3.017714335336161291e-01,6.486285700688099176e-02
3.036091340355163148e-01,6.486659295822706783e-02
3.054475477331018429e-01,6.486818128984461751e-02
3.072866791319657231e-01,6.486763338902240550e-02
3.091265327270448782e-01,6.486496049927936713e-02
3.109671130031790298e-01,6.486017372331087660e-02
3.128084244356577615e-01,6.485328402586187924e-02
3.146504714907583655e-01,6.484430223652778991e-02
3.164932586262728109e-01,6.483323905248696006e-02
3.183367902920252179e-01,6.482010504116615668e-02
3.201810709303805069e-01,6.480491064284069069e-02
3.220261049767436656e-01,6.478766617317267829e-02
3.238718968600499126e-01,6.476838182568764313e-02
3.257184510032476443e-01,6.474706767419227682e-02
3.275657718237724447e-01,6.472373367513524489e-02
3.294138637340136566e-01,6.469838966991249551e-02
3.312627311417735143e-01,6.467104538711855588e-02
3.331123784507186159e-01,6.464171044474580075e-02
3.349628100608255665e-01,6.461039435233330297e-02
3.368140303688184622e-01,6.457710651306650118e-02
3.386660437686012104e-01,6.454185622582912785e-02
3.405188546516828563e-01,6.450465268720893819e-02
3.423724674075975249e-01,6.446550499345880814e-02
3.442268864243179793e-01,6.442442214241446419e-02
3.460821160886643488e-01,6.438141303536901172e-02
3.479381607867068071e-01,6.433648647890750916e-02
3.497950249041642534e-01,6.428965118670126877e-02
3.516527128267966651e-01,6.424091578126306379e-02
3.535112289407937869e-01,6.419028879566576751e-02
3.553705776331592125e-01,6.413777867522306442e-02
3.572307632920896925e-01,6.408339377913635504e-02
3.590917903073505557e-01,6.402714238210523157e-02
3.609536630706470794e-01,6.396903267590661746e-02
3.628163859759925836e-01,6.390907277093936523e-02
3.646799634200714735e-01,6.384727069773839248e-02
3.665443998026008399e-01,6.378363440845828680e-02
3.684096995266868957e-01,6.371817177832551915e-02
3.702758669991791929e-01,6.365089060706316526e-02
3.721429066310216749e-01,6.358179862028660867e-02
3.740108228376009536e-01,6.351090347087207100e-02
3.758796200390915887e-01,6.343821274029798341e-02
3.777493026607988136e-01,6.336373393996043435e-02
3.796198751334992627e-01,6.328747451246412303e-02
3.814913418937787570e-01,6.320944183288740303e-02
3.833637073843684240e-01,6.312964321002427492e-02
3.852369760544785970e-01,6.304808588760345278e-02
3.871111523601303284e-01,6.296477704548336662e-02
3.889862407644864017e-01,6.287972380082630652e-02
3.908622457381789594e-01,6.279293320925122268e-02
3.927391717596370180e-01,6.270441226596448758e-02
3.946170233154115414e-01,6.261416790687171496e-02
3.964958049005000706e-01,6.252220700966884537e-02
3.983755210186694096e-01,6.242853639491436485e-02
4.002561761827776454e-01,6.233316282708287193e-02
4.021377749150950587e-01,6.223609301560044382e-02
4.040203217476243114e-01,6.213733361586163545e-02
4.059038212224191922e-01,6.203689123023058138e-02
4.077882778919043050e-01,6.193477240902354325e-02
4.096736963191920378e-01,6.183098365147672582e-02
4.115600810784011410e-01,6.172553140669696792e-02
4.134474367549734186e-01,6.161842207459784782e-02
4.153357679459912521e-01,6.150966200681990542e-02
4.172250792604942915e-01,6.139925750763691042e-02
4.191153753197967569e-01,6.128721483484713545e-02
4.210066607578039077e-01,6.117354020065157716e-02
4.228989402213296778e-01,6.105823977251757101e-02
4.247922183704139210e-01,6.094131967403060984e-02
4.266864998786403795e-01,6.082278598573179207e-02
4.285817894334546518e-01,6.070264474594388310e-02
4.304780917364833814e-01,6.058090195158535862e-02
4.323754115038536683e-01,6.045756355897138196e-02
4.342737534665131460e-01,6.033263548460479631e-02
4.361731223705513361e-01,6.020612360595514745e-02
4.380735229775216677e-01,6.007803376222690950e-02
4.399749600647643866e-01,5.994837175511690680e-02
4.418774384257312393e-01,5.981714334956256263e-02
4.437809628703104359e-01,5.968435427447844194e-02
4.456855382251541098e-01,5.955001022348464096e-02
4.475911693340060005e-01,5.941411685562495576e-02
4.494978610580317446e-01,5.927667979607553761e-02
4.514056182761501668e-01,5.913770463684610984e-02
4.533144458853663461e-01,5.899719693747038779e-02
4.552243488011069039e-01,5.885516222569023986e-02
4.571353319575566232e-01,5.871160599812977332e-02
4.590474003079976772e-01,5.856653372096327914e-02
4.609605588251506902e-01,5.841995083057394816e-02
4.628748125015180737e-01,5.827186273420602303e-02
4.647901663497297498e-01,5.812227481060971285e-02
4.667066254028912620e-01,5.797119241067837103e-02
4.686241947149344389e-01,5.781862085807996932e-02
4.705428793609705562e-01,5.766456544988075167e-02
4.724626844376469403e-01,5.750903145716410730e-02
4.743836150635052928e-01,5.735202412564108926e-02
4.763056763793441228e-01,5.719354867625747740e-02
4.782288735485834552e-01,5.703361030579307683e-02
4.801532117576332026e-01,5.687221418745643658e-02
4.820786962162647016e-01,5.670936547147368417e-02
4.840053321579856349e-01,5.654506928567312046e-02
4.859331248404185066e-01,5.637933073606359730e-02
4.878620795456830583e-01,5.621215490740867626e-02
4.897922015807819607e-01,5.604354686379629108e-02
4.917234962779906682e-01,5.587351164920373314e-02
4.936559689952517704e-01,5.570205428805872355e-02
4.955896251165725075e-01,5.552917978579526709e-02
4.975244700524275587e-01,5.535489312940734818e-02
4.994605092401656621e-01,5.517919928799735335e-02
5.013977481444210627e-01,5.500210321332143354e-02
5.033361922575292358e-01,5.482360984033194523e-02
5.052758470999485496e-01,5.464372408771584616e-02
5.072167182206850367e-01,5.446245085843003791e-02
5.091588111977243258e-01,5.427979504023463381e-02
5.111021316384675162e-01,5.409576150622281976e-02
5.130466851801729344e-01,5.391035511534746083e-02
5.149924774904028890e-01,5.372358071294692367e-02
5.169395142674776400e-01,5.353544313126692294e-02
5.188878012409334772e-01,5.334594718998149354e-02
5.208373441719879038e-01,5.315509769671083323e-02
5.227881488540108146e-01,5.296289944753840295e-02
5.247402211130022254e-01,5.276935722752548047e-02
5.266935668080764410e-01,5.257447581122517977e-02
5.286481918319522189e-01,5.237825996319346589e-02
5.306041021114517031e-01,5.218071443850083591e-02
5.325613036080047991e-01,5.198184398324182803e-02
5.345198023181616520e-01,5.178165333504376744e-02
5.364796042741123427e-01,5.158014722357462389e-02
5.384407155442146875e-01,5.137733037105073758e-02
5.404031422335298096e-01,5.117320749274383018e-02
5.423668904843652605e-01,5.096778329748757191e-02
5.443319664768279109e-01,5.076106248818379463e-02
5.462983764293840583e-01,5.055304976230950986e-02
5.482661265994289712e-01,5.034374981242321218e-02
5.502352232838658708e-01,5.013316732667191106e-02
5.522056728196933495e-01,4.992130698929847510e-02
5.541774815846031155e-01,4.970817348114969086e-02
5.561506559975870623e-01,4.949377148018505729e-02
5.581252025195554411e-01,4.927810566198624620e-02
5.601011276539635819e-01,4.906118070026809636e-02
5.620784379474511594e-01,4.884300126739061360e-02
5.640571399904913408e-01,4.862357203487194940e-02
5.660372404180514794e-01,4.840289767390407866e-02
5.680187459102650216e-01,4.818098285586856072e-02
5.700016631931164035e-01,4.795783225285581847e-02
5.719859990391364946e-01,4.773345053818532635e-02
5.739717602681120301e-01,4.750784238692871975e-02
5.759589537478068122e-01,4.728101247643465982e-02
5.779475863946974545e-01,4.705296548685674457e-02
5.799376651747210065e-01,4.682370610168391095e-02
5.819291971040381206e-01,4.659323900827423010e-02
5.839221892498099864e-01,4.636156889839096462e-02
5.859166487309901417e-01,4.612870046874241459e-02
5.879125827191307163e-01,4.589463842152539941e-02
5.899099984392061069e-01,4.565938746497182760e-02
5.919089031704508619e-01,4.542295231389961024e-02
5.939093042472147754e-01,4.518533769026764069e-02
5.959112090598362999e-01,4.494654832373400077e-02
5.979146250555302800e-01,4.470658895222030110e-02
5.999195597392978918e-01,4.446546432247940744e-02
6.019260206748509034e-01,4.422317919066774683e-02
6.039340154855583620e-01,4.397973832292451091e-02
6.059435518554112665e-01,4.373514649595378057e-02
6.079546375300074468e-01,4.348940849761363803e-02
6.099672803175573144e-01,4.324252912751086475e-02
6.119814880899125953e-01,4.299451319760128759e-02
6.139972687836140475e-01,4.274536553279614792e-02
6.160146304009652685e-01,4.249509097157549986e-02
6.180335810111271533e-01,4.224369436660768695e-02
6.200541287512387756e-01,4.199118058537634757e-02
6.220762818275609174e-01,4.173755451081410939e-02
6.241000485166472433e-01,4.148282104194393055e-02
6.261254371665411211e-01,4.122698509452835114e-02
6.281524561979984211e-01,4.097005160172653704e-02
6.301811141057416243e-01,4.071202551475969905e-02
6.322114194597384662e-01,4.045291180358531052e-02
6.342433809065153305e-01,4.019271545757987368e-02
6.362770071704973995e-01,3.993144148623114370e-02
6.383123070553833323e-01,3.966909491983989372e-02
6.403492894455514728e-01,3.940568081023116537e-02
6.423879633075002538e-01,3.914120423147673250e-02
6.444283376913241268e-01,3.887567028062662716e-02
6.464704217322255753e-01,3.860908407845289880e-02
6.485142246520632092e-01,3.834145077020392756e-02
6.505597557609408277e-01,3.807277552637050588e-02
6.526070244588348945e-01,3.780306354346412573e-02
6.546560402372629817e-01,3.753232004480784589e-02
6.567068126809962880e-01,3.726055028133928859e-02
6.587593514698153463e-01,3.698775953242777748e-02
6.608136663803111377e-01,3.671395310670495793e-02
6.628697672877346125e-01,3.643913634290884412e-02
6.649276641678941724e-01,3.616331461074434594e-02
6.669873670991038894e-01,3.588649331175645940e-02
6.690488862641842394e-01,3.560867788022127611e-02
6.711122319525175683e-01,3.532987378405177264e-02
6.731774145621589600e-01,3.505008652572124545e-02
6.752444446020062774e-01,3.476932164320303137e-02
6.773133326940292687e-01,3.448758471092900485e-02
6.793840895755633991e-01,3.420488134076545700e-02
6.814567261016660771e-01,3.392121718300922240e-02
6.835312532475424918e-01,3.363659792740214538e-02
6.856076821110396180e-01,3.335102930416697364e-02
6.876860239152142729e-01,3.306451708506361747e-02
6.897662900109747808e-01,3.277706708446719713e-02
6.918484918798024630e-01,3.248868516046864163e-02
6.939326411365530634e-01,3.219937721599819280e-02
6.960187495323437723e-01,3.190914919997376448e-02
6.981068289575265151e-01,3.161800710847247065e-02
7.001968914447538328e-01,3.132595698592964550e-02
7.022889491721390209e-01,3.103300492636275679e-02
7.043830144665141901e-01,3.073915707462424388e-02
7.064790998067933536e-01,3.044441962768087984e-02
7.085772178274388766e-01,3.014879883592492399e-02
7.106773813220430558e-01,2.985230100451320007e-02
7.127796032470227194e-01,2.955493249473921391e-02
7.148838967254368404e-01,2.925669972543735314e-02
7.169902750509277167e-01,2.895760917442110130e-02
7.190987516917968225e-01,2.865766737995544336e-02
7.212093402952145516e-01,2.835688094226599190e-02
7.233220546915754001e-01,2.805525652508599962e-02
7.254369088990004766e-01,2.775280085724136231e-02
7.275539171279982176e-01,2.744952073427626288e-02
7.296730937862857536e-01,2.714542302012097966e-02
7.317944534837830250e-01,2.684051464880199064e-02
7.339180110377822031e-01,2.653480262619817287e-02
7.360437814783064026e-01,2.622829403184271518e-02
7.381717800536613527e-01,2.592099602077350615e-02
7.403020222361915703e-01,2.561291582543424525e-02
7.424345237282509169e-01,2.530406075762680132e-02
7.445693004683967553e-01,2.499443821051887740e-02
7.467063686378192511e-01,2.468405566070612511e-02
7.488457446670163664e-01,2.437292067033479739e-02
7.509874452427283131e-01,2.406104088928281287e-02
7.531314873151424560e-01,2.374842405740643786e-02
7.552778881053837656e-01,2.343507800685039680e-02
7.574266651133042538e-01,2.312101066442744449e-02
7.595778361255877131e-01,2.280623005406902382e-02
7.617314192241853021e-01,2.249074429934919128e-02
7.638874327950997412e-01,2.217456162608642464e-02
7.660458955375368806e-01,2.185769036502520704e-02
7.682068264734422947e-01,2.154013895460152317e-02
7.703702449574481026e-01,2.122191594379480711e-02
7.725361706872474477e-01,2.090302999507211851e-02
7.747046237144230574e-01,2.058348988742568497e-02
7.768756244557557533e-01,2.026330451951078096e-02
7.790491937050376681e-01,1.994248291288562569e-02
7.812253526454214780e-01,1.962103421536004130e-02
7.834041228623364050e-01,1.929896770445663212e-02
7.855855263570001856e-01,1.897629279098946020e-02
7.877695855605706399e-01,1.865301902276662177e-02
7.899563233489654834e-01,1.832915608842043687e-02
7.921457630583979004e-01,1.800471382137368639e-02
7.943379285016697322e-01,1.767970220394678854e-02
7.965328439852678022e-01,1.735413137161179176e-02
7.987305343273165548e-01,1.702801161740320063e-02
8.009310248764398565e-01,1.670135339648890285e-02
8.031343415315908008e-01,1.637416733091372201e-02
8.053405107629140192e-01,1.604646421452031804e-02
8.075495596337070037e-01,1.571825501805814915e-02
8.097615158235561550e-01,1.538955089448968902e-02
8.119764076527267171e-01,1.506036318450394186e-02
8.141942641078909748e-01,1.473070342224768250e-02
8.164151148692928572e-01,1.440058334128572516e-02
8.186389903394460932e-01,1.407001488080311669e-02
8.208659216734787156e-01,1.373901019206067581e-02
8.230959408112438203e-01,1.340758164511903806e-02
8.253290805113250306e-01,1.307574183584434523e-02
8.275653743870819978e-01,1.274350359321289351e-02
8.298048569448883693e-01,1.241087998692923244e-02
8.320475636247349760e-01,1.207788433537692815e-02
8.342935308433783170e-01,1.174453021392101414e-02
8.365427960402445073e-01,1.141083146358040645e-02
8.387953977263048477e-01,1.107680220009518539e-02
8.410513755361722632e-01,1.074245682340855233e-02
8.433107702836840636e-01,1.040781002759087401e-02
8.455736240212707866e-01,1.007287681123076976e-02
8.478399801034347538e-01,9.737672488323188477e-03
8.501098832547010486e-01,9.402212699683956676e-03
8.523833796424397091e-01,9.066513424924892151e-03
8.546605169550035574e-01,8.730590995024130677e-03
8.569413444856701645e-01,8.394462105530308554e-03
8.592259132229378427e-01,8.058143830442034833e-03
8.615142759477845136e-01,7.721653636806094165e-03
8.638064873385691289e-01,7.385009400083187604e-03
8.661026040843354812e-01,7.048229420332282474e-03
8.684026850073777171e-01,6.711332439269407715e-03
8.707067911960166828e-01,6.374337658261440900e-03
8.730149861486767859e-01,6.037264757319432511e-03
8.753273359304747370e-01,5.700133915161879894e-03
8.776439093436970706e-01,5.362965830425310901e-03
8.799647781137357461e-01,5.025781744102673573e-03
8.822900170922488572e-01,4.688603463300209349e-03
8.846197044795782727e-01,4.351453386408934282e-03
8.869539220687323589e-01,4.014354529795227146e-03
8.892927555135891060e-01,3.677330556123051177e-03
8.916362946243696630e-01,3.340405804431027283e-03
8.939846336938988003e-01,3.003605322094992074e-03
8.963378718587237115e-01,2.666954898819512334e-03
8.986961134998191492e-01,2.330481102810561412e-03
9.010594686883895976e-01,1.994211319293066019e-03
9.034280536832153263e-01,1.658173791549759314e-03
9.058019914871132672e-01,1.322397664667041136e-03
9.081814124714475689e-01,9.869130321838546094e-04
9.105664550792732514e-01,6.517509858500481748e-04
9.129572666197096620e-01,3.169436687044360399e-04
9.153540041686162310e-01,-1.747566831213369956e-05
9.177568355936943645e-01,-3.514726060017657212e-04
9.201659407259256129e-01,-6.850114926147054476e-04
9.225815127040029040e-01,-1.018055375448874379e-03
9.250037595243736366e-01,-1.350565928224339157e-03
9.274329058370839318e-01,-1.682503374193240753e-03
9.298691950372927062e-01,-2.013826405067909581e-03
9.323128917148034711e-01,-2.344492096037569060e-03
9.347642845402012179e-01,-2.674455817422972687e-03
9.372236896875273393e-01,-3.003671143936769046e-03
9.396914549217607604e-01,-3.332089763134287418e-03
9.421679645174544371e-01,-3.659661385559114834e-03
9.446536452266379724e-01,-3.986333660454302250e-03
9.471489735854706771e-01,-4.312052102961844158e-03
9.496544849489262363e-01,-4.636760041829780278e-03
9.521707847846645478e-01,-4.960398601380850044e-03
9.546985629624803460e-01,-5.282906738820681257e-03
9.572386120785283392e-01,-5.604221369479932269e-03
9.597918513101448834e-01,-5.924277631017780925e-03
9.623593580027065553e-01,-6.243009367761536386e-03
9.649424103109183193e-01,-6.560349966894753540e-03
9.675425460545538092e-01,-6.876233765418068161e-03
9.701616460721083079e-01,-7.190598402487844570e-03
9.728020558926483430e-01,-7.503388780999285801e-03
9.754667698594441383e-01,-7.814563865999817061e-03
9.781597222236367850e-01,-8.124108711433555841e-03
9.808862730490932602e-01,-8.432056687139732540e-03
9.836540776228306360e-01,-8.738533137393948366e-03
9.864747923866855617e-01,-9.043848782135290726e-03
9.893678852590224171e-01,-9.348725973022007155e-03
9.923710166092015728e-01,-9.654964905697248356e-03
9.955806262528945627e-01,-9.968258961177482030e-03
